    1     0.000   -50.000   -50.000   0.00E+00
    2     2.500   -47.500   -47.500  -0.36E-11
    3     5.000   -45.000   -45.000  -0.62E-11
    4     7.500   -42.500   -42.500   0.12E-10
    5    10.000   -40.000   -40.000  -0.60E-11
    6    12.500   -37.500   -37.500   0.16E-10
    7    15.000   -35.000   -35.000   0.11E-09
    8    17.500   -32.500   -32.500   0.19E-08
    9    20.000   -30.000   -30.000   0.37E-07
   10    22.500   -27.500   -27.500   0.68E-06
   11    25.000   -25.000   -25.000   0.12E-04
   12    27.500   -22.500   -22.500   0.18E-03
   13    30.000   -19.997   -20.000   0.26E-02
   14    32.500   -17.467   -17.500   0.33E-01
   15    35.000   -14.636   -14.999   0.36E+00
   16    37.500    -9.402   -12.313   0.29E+01
   17    40.000     4.345    -0.549   0.49E+01
   18    42.500    25.302    32.538  -0.72E+01
   19    45.000    45.134    61.525  -0.16E+02
   20    47.500    72.228    82.445  -0.10E+02
   21    50.000   324.728     0.000   0.32E+03
