    1     0.000   -50.000   -50.000   0.00E+00
    2     2.500   -47.500   -47.500   0.41E-11
    3     5.000   -45.000   -45.000  -0.12E-10
    4     7.500   -42.500   -42.500  -0.82E-11
    5    10.000   -40.000   -40.000   0.41E-10
    6    12.500   -37.500   -37.500  -0.14E-10
    7    15.000   -35.000   -35.000  -0.82E-11
    8    17.500   -32.500   -32.500  -0.82E-11
    9    20.000   -30.000   -30.000  -0.66E-10
   10    22.500   -27.500   -27.500   0.16E-10
   11    25.000   -25.000   -25.000  -0.66E-10
   12    27.500   -22.500   -22.500  -0.25E-10
   13    30.000   -20.000   -20.000   0.13E-09
   14    32.500   -17.500   -17.500  -0.27E-10
   15    35.000   -15.000   -15.000   0.31E-08
   16    37.500   -12.500   -12.500   0.48E-06
   17    40.000   -10.000   -10.000   0.67E-04
   18    42.500    -7.491    -7.500   0.92E-02
   19    45.000    -3.883    -5.000   0.11E+01
   20    47.500    28.498    -2.500   0.31E+02
   21    50.000   280.998     0.000   0.28E+03
