
input system tri_diag = 
   1. .0000000000000000  -.67379469990854670E-002  -.67379469990854670E-002  -.67379469990854670E-002  -.67379469990854670E-002  -.67379469990854670E-002  -.67379469990854670E-002  -.67379469990854670E-002  -.67379469990854670E-002  -.67379469990854670E-002  -.67379469990854670E-002
   2. .0000000000000000  5.0669362562659126  5.0669272962302090  5.0669272962143648  5.0669272962143648  5.0669272962143648  5.0669272962143648  5.0669272962143648  5.0669272962143648  5.0669272962143648  .67289869475377758E-002
   3. .0000000000000000  -.67379469990854670E-002  -.67379469990854670E-002  -.67379469990854670E-002  -.67379469990854670E-002  -.67379469990854670E-002  -.67379469990854670E-002  -.67379469990854670E-002  -.67379469990854670E-002  -.67379469990854670E-002  .0000000000000000

solution vector b  = 
   1. .0000000000000000
   2. .96619727840867617E-021
   3. .72658036956046894E-018
   4. .54638748389244713E-015
   5. .41088267046628490E-012
   6. .30898322869112003E-009
   7. .23235498227278691E-006
   8. .17473064158106107E-003
   9. .13139721304312635
  10. 98.810531680506912
  11. 74305.390082968806
