   1. -50.000000000000000
   2. -47.500000000000000
   3. -45.000000000000000
   4. -42.500000000000000
   5. -40.000000000000000
   6. -37.500000000000000
   7. -35.000000000000000
   8. -32.500000000000000
   9. -30.000000000000000
  10. -27.500000000000000
  11. -25.000000000000000
  12. -22.500000000000000
  13. -20.000000000000000
  14. -17.500000000000000
  15. -15.000000000000000
  16. -12.500000000000000
  17. -10.000000000000000
  18. -7.5000000000000000
  19. -5.0000000000000000
  20. -2.5000000000000000
  21. .0000000000000000
