
Array of 83 elements read in from data/tertius/members output.txt.

Points:
    1    519   551   582
    2    520   552   583   613   614   644
    3    522   553   584   615   645   646
    4    554   555   585   616   647   648   678
    5    556   586   587   617   649   679   680
    6    588   589   618   619   650   681   712
    7    590   620   621   651   682   683   713
    8    591   622   652   653   684   714   715   745
    9    623   624   654   685   716   717   747
   10    625   655   656   686   718   748   749
   11    657   687   688   719   750   779   781
   12    658   689   720   751   752   782
   13    690   721   753   783   784
Total number of points = 83

