    1     0.000   -50.000   -50.000   0.00E+00
<<<<<<< HEAD
    2     0.025   -49.975   -49.975   0.86E-12
    3     0.050   -49.950   -49.950   0.60E-11
    4     0.075   -49.925   -49.925  -0.25E-11
    5     0.100   -49.900   -49.900  -0.16E-11
    6     0.125   -49.875   -49.875   0.24E-11
    7     0.150   -49.850   -49.850  -0.74E-12
    8     0.175   -49.825   -49.825   0.50E-11
    9     0.200   -49.800   -49.800   0.71E-12
   10     0.225   -49.775   -49.775  -0.49E-11
   11     0.250   -49.750   -49.750   0.71E-12
   12     0.275   -49.725   -49.725   0.30E-11
   13     0.300   -49.700   -49.700   0.25E-11
   14     0.325   -49.675   -49.675  -0.11E-11
   15     0.350   -49.650   -49.650  -0.25E-11
   16     0.375   -49.625   -49.625  -0.26E-11
   17     0.400   -49.600   -49.600   0.59E-11
   18     0.425   -49.575   -49.575  -0.13E-12
   19     0.450   -49.550   -49.550  -0.45E-11
   20     0.475   -49.525   -49.525   0.17E-11
   21     0.500   -49.500   -49.500  -0.32E-11
   22     0.525   -49.475   -49.475   0.35E-11
   23     0.550   -49.450   -49.450   0.32E-11
   24     0.575   -49.425   -49.425  -0.84E-11
   25     0.600   -49.400   -49.400  -0.52E-12
   26     0.625   -49.375   -49.375   0.77E-12
   27     0.650   -49.350   -49.350  -0.13E-12
   28     0.675   -49.325   -49.325   0.68E-11
   29     0.700   -49.300   -49.300  -0.53E-11
   30     0.725   -49.275   -49.275  -0.18E-11
   31     0.750   -49.250   -49.250   0.35E-11
   32     0.775   -49.225   -49.225  -0.77E-12
   33     0.800   -49.200   -49.200   0.50E-11
   34     0.825   -49.175   -49.175  -0.14E-11
   35     0.850   -49.150   -49.150  -0.27E-11
   36     0.875   -49.125   -49.125   0.14E-11
   37     0.900   -49.100   -49.100   0.17E-11
   38     0.925   -49.075   -49.075   0.27E-11
   39     0.950   -49.050   -49.050  -0.28E-11
   40     0.975   -49.025   -49.025  -0.15E-11
   41     1.000   -49.000   -49.000  -0.23E-11
   42     1.025   -48.975   -48.975   0.36E-11
   43     1.050   -48.950   -48.950   0.00E+00
   44     1.075   -48.925   -48.925  -0.36E-11
   45     1.100   -48.900   -48.900   0.77E-12
   46     1.125   -48.875   -48.875  -0.41E-11
   47     1.150   -48.850   -48.850   0.18E-11
   48     1.175   -48.825   -48.825   0.18E-11
   49     1.200   -48.800   -48.800  -0.59E-11
   50     1.225   -48.775   -48.775  -0.13E-11
   51     1.250   -48.750   -48.750   0.15E-11
   52     1.275   -48.725   -48.725  -0.26E-12
   53     1.300   -48.700   -48.700   0.54E-11
   54     1.325   -48.675   -48.675  -0.49E-11
   55     1.350   -48.650   -48.650  -0.36E-11
   56     1.375   -48.625   -48.625   0.51E-12
   57     1.400   -48.600   -48.600   0.26E-12
   58     1.425   -48.575   -48.575   0.41E-11
   59     1.450   -48.550   -48.550  -0.26E-11
   60     1.475   -48.525   -48.525  -0.44E-11
   61     1.500   -48.500   -48.500   0.33E-11
   62     1.525   -48.475   -48.475   0.36E-11
   63     1.550   -48.450   -48.450   0.36E-11
   64     1.575   -48.425   -48.425  -0.44E-11
   65     1.600   -48.400   -48.400  -0.15E-11
   66     1.625   -48.375   -48.375  -0.31E-11
   67     1.650   -48.350   -48.350   0.49E-11
   68     1.675   -48.325   -48.325   0.00E+00
   69     1.700   -48.300   -48.300  -0.46E-11
   70     1.725   -48.275   -48.275   0.31E-11
   71     1.750   -48.250   -48.250  -0.31E-11
   72     1.775   -48.225   -48.225   0.62E-11
   73     1.800   -48.200   -48.200   0.44E-11
   74     1.825   -48.175   -48.175  -0.52E-11
   75     1.850   -48.150   -48.150  -0.10E-11
   76     1.875   -48.125   -48.125   0.00E+00
   77     1.900   -48.100   -48.100  -0.13E-11
   78     1.925   -48.075   -48.075   0.77E-11
   79     1.950   -48.050   -48.050  -0.57E-11
   80     1.975   -48.025   -48.025  -0.10E-11
   81     2.000   -48.000   -48.000   0.41E-11
   82     2.025   -47.975   -47.975   0.51E-12
   83     2.050   -47.950   -47.950   0.52E-11
   84     2.075   -47.925   -47.925  -0.57E-11
   85     2.100   -47.900   -47.900  -0.62E-11
   86     2.125   -47.875   -47.875   0.26E-11
   87     2.150   -47.850   -47.850   0.21E-11
   88     2.175   -47.825   -47.825   0.31E-11
   89     2.200   -47.800   -47.800  -0.21E-11
   90     2.225   -47.775   -47.775   0.15E-11
   91     2.250   -47.750   -47.750  -0.52E-12
   92     2.275   -47.725   -47.725  -0.26E-11
   93     2.300   -47.700   -47.700   0.10E-11
   94     2.325   -47.675   -47.675  -0.46E-11
   95     2.350   -47.650   -47.650  -0.72E-11
   96     2.375   -47.625   -47.625  -0.15E-11
   97     2.400   -47.600   -47.600   0.31E-11
   98     2.425   -47.575   -47.575   0.21E-11
   99     2.450   -47.550   -47.550  -0.62E-11
  100     2.475   -47.525   -47.525  -0.36E-11
  101     2.500   -47.500   -47.500  -0.36E-11
  102     2.525   -47.475   -47.475   0.57E-11
  103     2.550   -47.450   -47.450   0.31E-11
  104     2.575   -47.425   -47.425  -0.31E-11
  105     2.600   -47.400   -47.400  -0.26E-11
  106     2.625   -47.375   -47.375   0.00E+00
  107     2.650   -47.350   -47.350  -0.21E-11
  108     2.675   -47.325   -47.325   0.26E-11
  109     2.700   -47.300   -47.300  -0.57E-11
  110     2.725   -47.275   -47.275  -0.15E-11
  111     2.750   -47.250   -47.250  -0.15E-11
  112     2.775   -47.225   -47.225   0.36E-11
  113     2.800   -47.200   -47.200   0.46E-11
  114     2.825   -47.175   -47.175   0.31E-11
  115     2.850   -47.150   -47.150  -0.67E-11
  116     2.875   -47.125   -47.125  -0.26E-11
  117     2.900   -47.100   -47.100   0.10E-11
  118     2.925   -47.075   -47.075   0.21E-11
  119     2.950   -47.050   -47.050  -0.52E-12
  120     2.975   -47.025   -47.025  -0.46E-11
  121     3.000   -47.000   -47.000  -0.67E-11
  122     3.025   -46.975   -46.975   0.46E-11
  123     3.050   -46.950   -46.950   0.15E-11
  124     3.075   -46.925   -46.925  -0.13E-10
  125     3.100   -46.900   -46.900  -0.41E-11
  126     3.125   -46.875   -46.875  -0.21E-11
  127     3.150   -46.850   -46.850   0.31E-11
  128     3.175   -46.825   -46.825   0.52E-11
  129     3.200   -46.800   -46.800  -0.10E-11
  130     3.225   -46.775   -46.775   0.00E+00
  131     3.250   -46.750   -46.750  -0.31E-11
  132     3.275   -46.725   -46.725  -0.72E-11
  133     3.300   -46.700   -46.700   0.72E-11
  134     3.325   -46.675   -46.675  -0.52E-11
  135     3.350   -46.650   -46.650  -0.10E-10
  136     3.375   -46.625   -46.625  -0.10E-11
  137     3.400   -46.600   -46.600   0.57E-11
  138     3.425   -46.575   -46.575   0.46E-11
  139     3.450   -46.550   -46.550  -0.46E-11
  140     3.475   -46.525   -46.525   0.15E-11
  141     3.500   -46.500   -46.500  -0.21E-11
  142     3.525   -46.475   -46.475  -0.46E-11
  143     3.550   -46.450   -46.450   0.21E-11
  144     3.575   -46.425   -46.425  -0.72E-11
  145     3.600   -46.400   -46.400  -0.15E-11
  146     3.625   -46.375   -46.375  -0.82E-11
  147     3.650   -46.350   -46.350   0.72E-11
  148     3.675   -46.325   -46.325   0.31E-11
  149     3.700   -46.300   -46.300  -0.31E-11
  150     3.725   -46.275   -46.275  -0.10E-11
  151     3.750   -46.250   -46.250   0.26E-11
  152     3.775   -46.225   -46.225   0.31E-11
  153     3.800   -46.200   -46.200   0.52E-11
  154     3.825   -46.175   -46.175   0.00E+00
  155     3.850   -46.150   -46.150  -0.62E-11
  156     3.875   -46.125   -46.125  -0.21E-11
  157     3.900   -46.100   -46.100  -0.21E-11
  158     3.925   -46.075   -46.075   0.72E-11
  159     3.950   -46.050   -46.050  -0.93E-11
  160     3.975   -46.025   -46.025  -0.21E-11
  161     4.000   -46.000   -46.000   0.21E-11
  162     4.025   -45.975   -45.975   0.10E-11
  163     4.050   -45.950   -45.950   0.41E-11
  164     4.075   -45.925   -45.925  -0.10E-11
  165     4.100   -45.900   -45.900  -0.62E-11
  166     4.125   -45.875   -45.875   0.31E-11
  167     4.150   -45.850   -45.850   0.41E-11
  168     4.175   -45.825   -45.825  -0.21E-11
  169     4.200   -45.800   -45.800  -0.10E-11
  170     4.225   -45.775   -45.775  -0.21E-11
  171     4.250   -45.750   -45.750  -0.31E-11
  172     4.275   -45.725   -45.725   0.31E-11
  173     4.300   -45.700   -45.700   0.62E-11
  174     4.325   -45.675   -45.675  -0.10E-10
  175     4.350   -45.650   -45.650   0.10E-11
  176     4.375   -45.625   -45.625   0.72E-11
  177     4.400   -45.600   -45.600   0.21E-11
  178     4.425   -45.575   -45.575   0.10E-11
  179     4.450   -45.550   -45.550  -0.10E-11
  180     4.475   -45.525   -45.525   0.10E-11
  181     4.500   -45.500   -45.500  -0.52E-11
  182     4.525   -45.475   -45.475   0.10E-11
  183     4.550   -45.450   -45.450   0.72E-11
  184     4.575   -45.425   -45.425  -0.72E-11
  185     4.600   -45.400   -45.400   0.31E-11
  186     4.625   -45.375   -45.375  -0.10E-11
  187     4.650   -45.350   -45.350   0.52E-11
  188     4.675   -45.325   -45.325   0.72E-11
  189     4.700   -45.300   -45.300  -0.31E-11
  190     4.725   -45.275   -45.275  -0.31E-11
  191     4.750   -45.250   -45.250   0.10E-11
  192     4.775   -45.225   -45.225  -0.62E-11
  193     4.800   -45.200   -45.200   0.21E-11
  194     4.825   -45.175   -45.175  -0.72E-11
  195     4.850   -45.150   -45.150  -0.52E-11
  196     4.875   -45.125   -45.125   0.00E+00
  197     4.900   -45.100   -45.100   0.31E-11
  198     4.925   -45.075   -45.075   0.51E-11
  199     4.950   -45.050   -45.050  -0.21E-11
  200     4.975   -45.025   -45.025   0.31E-11
  201     5.000   -45.000   -45.000   0.31E-11
  202     5.025   -44.975   -44.975   0.82E-11
  203     5.050   -44.950   -44.950   0.62E-11
  204     5.075   -44.925   -44.925   0.10E-11
  205     5.100   -44.900   -44.900   0.21E-11
  206     5.125   -44.875   -44.875   0.62E-11
  207     5.150   -44.850   -44.850   0.52E-11
  208     5.175   -44.825   -44.825   0.41E-11
  209     5.200   -44.800   -44.800  -0.11E-10
  210     5.225   -44.775   -44.775  -0.10E-11
  211     5.250   -44.750   -44.750  -0.10E-11
  212     5.275   -44.725   -44.725   0.21E-11
  213     5.300   -44.700   -44.700   0.21E-11
  214     5.325   -44.675   -44.675   0.52E-11
  215     5.350   -44.650   -44.650   0.12E-10
  216     5.375   -44.625   -44.625   0.52E-11
  217     5.400   -44.600   -44.600   0.00E+00
  218     5.425   -44.575   -44.575  -0.31E-11
  219     5.450   -44.550   -44.550   0.31E-11
  220     5.475   -44.525   -44.525  -0.52E-11
  221     5.500   -44.500   -44.500   0.00E+00
  222     5.525   -44.475   -44.475   0.12E-10
  223     5.550   -44.450   -44.450   0.10E-11
  224     5.575   -44.425   -44.425  -0.31E-11
  225     5.600   -44.400   -44.400   0.82E-11
  226     5.625   -44.375   -44.375  -0.41E-11
  227     5.650   -44.350   -44.350   0.00E+00
  228     5.675   -44.325   -44.325   0.11E-10
  229     5.700   -44.300   -44.300  -0.52E-11
  230     5.725   -44.275   -44.275   0.52E-11
  231     5.750   -44.250   -44.250  -0.72E-11
  232     5.775   -44.225   -44.225  -0.21E-11
  233     5.800   -44.200   -44.200   0.13E-10
  234     5.825   -44.175   -44.175  -0.41E-11
  235     5.850   -44.150   -44.150  -0.10E-11
  236     5.875   -44.125   -44.125   0.10E-11
  237     5.900   -44.100   -44.100   0.41E-11
  238     5.925   -44.075   -44.075   0.14E-10
  239     5.950   -44.050   -44.050  -0.52E-11
  240     5.975   -44.025   -44.025   0.52E-11
  241     6.000   -44.000   -44.000  -0.31E-11
  242     6.025   -43.975   -43.975  -0.31E-11
  243     6.050   -43.950   -43.950   0.10E-10
  244     6.075   -43.925   -43.925   0.41E-11
  245     6.100   -43.900   -43.900  -0.10E-11
  246     6.125   -43.875   -43.875  -0.41E-11
  247     6.150   -43.850   -43.850   0.10E-10
  248     6.175   -43.825   -43.825   0.62E-11
  249     6.200   -43.800   -43.800  -0.21E-11
  250     6.225   -43.775   -43.775  -0.62E-11
  251     6.250   -43.750   -43.750   0.93E-11
  252     6.275   -43.725   -43.725  -0.31E-11
  253     6.300   -43.700   -43.700   0.41E-11
  254     6.325   -43.675   -43.675  -0.41E-11
  255     6.350   -43.650   -43.650  -0.82E-11
  256     6.375   -43.625   -43.625  -0.21E-11
  257     6.400   -43.600   -43.600   0.72E-11
  258     6.425   -43.575   -43.575   0.10E-10
  259     6.450   -43.550   -43.550  -0.82E-11
  260     6.475   -43.525   -43.525  -0.31E-11
  261     6.500   -43.500   -43.500  -0.21E-11
  262     6.525   -43.475   -43.475   0.72E-11
  263     6.550   -43.450   -43.450   0.93E-11
  264     6.575   -43.425   -43.425   0.82E-11
  265     6.600   -43.400   -43.400   0.00E+00
  266     6.625   -43.375   -43.375   0.93E-11
  267     6.650   -43.350   -43.350   0.10E-11
  268     6.675   -43.325   -43.325   0.62E-11
  269     6.700   -43.300   -43.300   0.00E+00
  270     6.725   -43.275   -43.275  -0.10E-11
  271     6.750   -43.250   -43.250   0.21E-11
  272     6.775   -43.225   -43.225   0.10E-10
  273     6.800   -43.200   -43.200   0.11E-10
  274     6.825   -43.175   -43.175  -0.10E-11
  275     6.850   -43.150   -43.150  -0.10E-11
  276     6.875   -43.125   -43.125   0.52E-11
  277     6.900   -43.100   -43.100   0.00E+00
  278     6.925   -43.075   -43.075   0.82E-11
  279     6.950   -43.050   -43.050   0.10E-11
  280     6.975   -43.025   -43.025   0.31E-11
  281     7.000   -43.000   -43.000   0.41E-11
  282     7.025   -42.975   -42.975   0.52E-11
  283     7.050   -42.950   -42.950   0.12E-10
  284     7.075   -42.925   -42.925   0.21E-11
  285     7.100   -42.900   -42.900   0.10E-11
  286     7.125   -42.875   -42.875   0.82E-11
  287     7.150   -42.850   -42.850   0.31E-11
  288     7.175   -42.825   -42.825   0.12E-10
  289     7.200   -42.800   -42.800   0.62E-11
  290     7.225   -42.775   -42.775   0.93E-11
  291     7.250   -42.750   -42.750  -0.31E-11
  292     7.275   -42.725   -42.725   0.41E-11
  293     7.300   -42.700   -42.700   0.21E-11
  294     7.325   -42.675   -42.675  -0.21E-11
  295     7.350   -42.650   -42.650  -0.10E-11
  296     7.375   -42.625   -42.625   0.72E-11
  297     7.400   -42.600   -42.600   0.41E-11
  298     7.425   -42.575   -42.575   0.51E-11
  299     7.450   -42.550   -42.550   0.21E-11
  300     7.475   -42.525   -42.525   0.21E-11
  301     7.500   -42.500   -42.500   0.10E-10
  302     7.525   -42.475   -42.475   0.41E-11
  303     7.550   -42.450   -42.450   0.00E+00
  304     7.575   -42.425   -42.425   0.62E-11
  305     7.600   -42.400   -42.400  -0.10E-10
  306     7.625   -42.375   -42.375  -0.82E-11
  307     7.650   -42.350   -42.350   0.62E-11
  308     7.675   -42.325   -42.325   0.14E-10
  309     7.700   -42.300   -42.300  -0.41E-11
  310     7.725   -42.275   -42.275   0.21E-11
  311     7.750   -42.250   -42.250   0.10E-10
  312     7.775   -42.225   -42.225   0.62E-11
  313     7.800   -42.200   -42.200   0.12E-10
  314     7.825   -42.175   -42.175   0.21E-11
  315     7.850   -42.150   -42.150   0.41E-11
  316     7.875   -42.125   -42.125   0.12E-10
  317     7.900   -42.100   -42.100   0.21E-11
  318     7.925   -42.075   -42.075   0.21E-11
  319     7.950   -42.050   -42.050  -0.62E-11
  320     7.975   -42.025   -42.025  -0.12E-10
  321     8.000   -42.000   -42.000   0.41E-11
  322     8.025   -41.975   -41.975   0.12E-10
  323     8.050   -41.950   -41.950   0.62E-11
  324     8.075   -41.925   -41.925  -0.21E-11
  325     8.100   -41.900   -41.900   0.10E-10
  326     8.125   -41.875   -41.875  -0.10E-10
  327     8.150   -41.850   -41.850  -0.21E-11
  328     8.175   -41.825   -41.825   0.21E-10
  329     8.200   -41.800   -41.800   0.12E-10
  330     8.225   -41.775   -41.775   0.41E-11
  331     8.250   -41.750   -41.750   0.10E-10
  332     8.275   -41.725   -41.725   0.10E-10
  333     8.300   -41.700   -41.700   0.12E-10
  334     8.325   -41.675   -41.675  -0.62E-11
  335     8.350   -41.650   -41.650   0.62E-11
  336     8.375   -41.625   -41.625   0.41E-11
  337     8.400   -41.600   -41.600   0.00E+00
  338     8.425   -41.575   -41.575   0.82E-11
  339     8.450   -41.550   -41.550   0.82E-11
  340     8.475   -41.525   -41.525   0.00E+00
  341     8.500   -41.500   -41.500   0.21E-11
  342     8.525   -41.475   -41.475   0.16E-10
  343     8.550   -41.450   -41.450   0.14E-10
  344     8.575   -41.425   -41.425   0.82E-11
  345     8.600   -41.400   -41.400  -0.12E-10
  346     8.625   -41.375   -41.375   0.41E-11
  347     8.650   -41.350   -41.350   0.62E-11
  348     8.675   -41.325   -41.325   0.21E-10
  349     8.700   -41.300   -41.300  -0.14E-10
  350     8.725   -41.275   -41.275  -0.41E-11
  351     8.750   -41.250   -41.250   0.62E-11
  352     8.775   -41.225   -41.225   0.19E-10
  353     8.800   -41.200   -41.200   0.16E-10
  354     8.825   -41.175   -41.175  -0.14E-10
  355     8.850   -41.150   -41.150   0.14E-10
  356     8.875   -41.125   -41.125   0.62E-11
  357     8.900   -41.100   -41.100  -0.21E-11
  358     8.925   -41.075   -41.075   0.82E-11
  359     8.950   -41.050   -41.050  -0.10E-10
  360     8.975   -41.025   -41.025  -0.82E-11
  361     9.000   -41.000   -41.000   0.82E-11
  362     9.025   -40.975   -40.975  -0.41E-11
  363     9.050   -40.950   -40.950   0.62E-11
  364     9.075   -40.925   -40.925  -0.41E-11
  365     9.100   -40.900   -40.900   0.14E-10
  366     9.125   -40.875   -40.875   0.41E-11
  367     9.150   -40.850   -40.850   0.62E-11
  368     9.175   -40.825   -40.825   0.82E-11
  369     9.200   -40.800   -40.800   0.62E-11
  370     9.225   -40.775   -40.775   0.21E-11
  371     9.250   -40.750   -40.750   0.10E-10
  372     9.275   -40.725   -40.725   0.16E-10
  373     9.300   -40.700   -40.700   0.41E-11
  374     9.325   -40.675   -40.675  -0.41E-11
  375     9.350   -40.650   -40.650   0.82E-11
  376     9.375   -40.625   -40.625   0.62E-11
  377     9.400   -40.600   -40.600   0.10E-10
  378     9.425   -40.575   -40.575   0.14E-10
  379     9.450   -40.550   -40.550  -0.21E-11
  380     9.475   -40.525   -40.525   0.00E+00
  381     9.500   -40.500   -40.500   0.21E-11
  382     9.525   -40.475   -40.475   0.21E-11
  383     9.550   -40.450   -40.450   0.00E+00
  384     9.575   -40.425   -40.425  -0.21E-11
  385     9.600   -40.400   -40.400   0.41E-11
  386     9.625   -40.375   -40.375   0.21E-11
  387     9.650   -40.350   -40.350   0.82E-11
  388     9.675   -40.325   -40.325   0.12E-10
  389     9.700   -40.300   -40.300   0.21E-11
  390     9.725   -40.275   -40.275   0.62E-11
  391     9.750   -40.250   -40.250   0.10E-10
  392     9.775   -40.225   -40.225   0.23E-10
  393     9.800   -40.200   -40.200   0.12E-10
  394     9.825   -40.175   -40.175   0.62E-11
  395     9.850   -40.150   -40.150   0.00E+00
  396     9.875   -40.125   -40.125  -0.41E-11
  397     9.900   -40.100   -40.100   0.62E-11
  398     9.925   -40.075   -40.075  -0.21E-11
  399     9.950   -40.050   -40.050   0.00E+00
  400     9.975   -40.025   -40.025   0.10E-10
  401    10.000   -40.000   -40.000   0.41E-11
  402    10.025   -39.975   -39.975   0.19E-10
  403    10.050   -39.950   -39.950   0.14E-10
  404    10.075   -39.925   -39.925   0.21E-11
  405    10.100   -39.900   -39.900   0.10E-10
  406    10.125   -39.875   -39.875   0.16E-10
  407    10.150   -39.850   -39.850   0.21E-11
  408    10.175   -39.825   -39.825   0.19E-10
  409    10.200   -39.800   -39.800   0.82E-11
  410    10.225   -39.775   -39.775   0.82E-11
  411    10.250   -39.750   -39.750   0.62E-11
  412    10.275   -39.725   -39.725   0.23E-10
  413    10.300   -39.700   -39.700  -0.82E-11
  414    10.325   -39.675   -39.675   0.82E-11
  415    10.350   -39.650   -39.650   0.12E-10
  416    10.375   -39.625   -39.625   0.27E-10
  417    10.400   -39.600   -39.600   0.82E-11
  418    10.425   -39.575   -39.575   0.82E-11
  419    10.450   -39.550   -39.550   0.41E-11
  420    10.475   -39.525   -39.525   0.12E-10
  421    10.500   -39.500   -39.500   0.21E-11
  422    10.525   -39.475   -39.475   0.82E-11
  423    10.550   -39.450   -39.450   0.21E-11
  424    10.575   -39.425   -39.425   0.10E-10
  425    10.600   -39.400   -39.400   0.82E-11
  426    10.625   -39.375   -39.375   0.82E-11
  427    10.650   -39.350   -39.350   0.21E-11
  428    10.675   -39.325   -39.325   0.12E-10
  429    10.700   -39.300   -39.300  -0.41E-11
  430    10.725   -39.275   -39.275   0.82E-11
  431    10.750   -39.250   -39.250   0.41E-11
  432    10.775   -39.225   -39.225   0.10E-10
  433    10.800   -39.200   -39.200   0.41E-11
  434    10.825   -39.175   -39.175   0.16E-10
  435    10.850   -39.150   -39.150   0.41E-11
  436    10.875   -39.125   -39.125   0.12E-10
  437    10.900   -39.100   -39.100   0.62E-11
  438    10.925   -39.075   -39.075   0.23E-10
  439    10.950   -39.050   -39.050   0.62E-11
  440    10.975   -39.025   -39.025   0.23E-10
  441    11.000   -39.000   -39.000   0.16E-10
  442    11.025   -38.975   -38.975   0.23E-10
  443    11.050   -38.950   -38.950   0.10E-10
  444    11.075   -38.925   -38.925   0.82E-11
  445    11.100   -38.900   -38.900   0.62E-11
  446    11.125   -38.875   -38.875  -0.82E-11
  447    11.150   -38.850   -38.850   0.21E-11
  448    11.175   -38.825   -38.825   0.82E-11
  449    11.200   -38.800   -38.800   0.82E-11
  450    11.225   -38.775   -38.775   0.21E-11
  451    11.250   -38.750   -38.750   0.23E-10
  452    11.275   -38.725   -38.725   0.14E-10
  453    11.300   -38.700   -38.700   0.19E-10
  454    11.325   -38.675   -38.675   0.41E-11
  455    11.350   -38.650   -38.650   0.10E-10
  456    11.375   -38.625   -38.625   0.16E-10
  457    11.400   -38.600   -38.600   0.23E-10
  458    11.425   -38.575   -38.575   0.14E-10
  459    11.450   -38.550   -38.550  -0.41E-11
  460    11.475   -38.525   -38.525   0.21E-11
  461    11.500   -38.500   -38.500   0.21E-11
  462    11.525   -38.475   -38.475   0.82E-11
  463    11.550   -38.450   -38.450   0.21E-10
  464    11.575   -38.425   -38.425  -0.21E-11
  465    11.600   -38.400   -38.400   0.25E-10
  466    11.625   -38.375   -38.375   0.00E+00
  467    11.650   -38.350   -38.350   0.62E-11
  468    11.675   -38.325   -38.325   0.10E-10
  469    11.700   -38.300   -38.300   0.82E-11
  470    11.725   -38.275   -38.275   0.12E-10
  471    11.750   -38.250   -38.250   0.14E-10
  472    11.775   -38.225   -38.225   0.16E-10
  473    11.800   -38.200   -38.200   0.10E-10
  474    11.825   -38.175   -38.175   0.21E-11
  475    11.850   -38.150   -38.150   0.21E-10
  476    11.875   -38.125   -38.125   0.23E-10
  477    11.900   -38.100   -38.100   0.19E-10
  478    11.925   -38.075   -38.075   0.23E-10
  479    11.950   -38.050   -38.050  -0.82E-11
  480    11.975   -38.025   -38.025   0.16E-10
  481    12.000   -38.000   -38.000   0.23E-10
  482    12.025   -37.975   -37.975   0.21E-10
  483    12.050   -37.950   -37.950   0.19E-10
  484    12.075   -37.925   -37.925   0.82E-11
  485    12.100   -37.900   -37.900   0.00E+00
  486    12.125   -37.875   -37.875   0.14E-10
  487    12.150   -37.850   -37.850   0.10E-10
  488    12.175   -37.825   -37.825   0.29E-10
  489    12.200   -37.800   -37.800   0.82E-11
  490    12.225   -37.775   -37.775  -0.82E-11
  491    12.250   -37.750   -37.750   0.62E-11
  492    12.275   -37.725   -37.725   0.23E-10
  493    12.300   -37.700   -37.700   0.12E-10
  494    12.325   -37.675   -37.675   0.00E+00
  495    12.350   -37.650   -37.650   0.23E-10
  496    12.375   -37.625   -37.625   0.10E-10
  497    12.400   -37.600   -37.600   0.10E-10
  498    12.425   -37.575   -37.575   0.23E-10
  499    12.450   -37.550   -37.550   0.00E+00
  500    12.475   -37.525   -37.525   0.14E-10
  501    12.500   -37.500   -37.500   0.19E-10
  502    12.525   -37.475   -37.475   0.19E-10
  503    12.550   -37.450   -37.450   0.29E-10
  504    12.575   -37.425   -37.425   0.19E-10
  505    12.600   -37.400   -37.400   0.23E-10
  506    12.625   -37.375   -37.375   0.12E-10
  507    12.650   -37.350   -37.350   0.23E-10
  508    12.675   -37.325   -37.325   0.82E-11
  509    12.700   -37.300   -37.300   0.16E-10
  510    12.725   -37.275   -37.275   0.12E-10
  511    12.750   -37.250   -37.250   0.10E-10
  512    12.775   -37.225   -37.225   0.19E-10
  513    12.800   -37.200   -37.200   0.21E-10
  514    12.825   -37.175   -37.175   0.19E-10
  515    12.850   -37.150   -37.150   0.23E-10
  516    12.875   -37.125   -37.125   0.14E-10
  517    12.900   -37.100   -37.100   0.23E-10
  518    12.925   -37.075   -37.075   0.25E-10
  519    12.950   -37.050   -37.050   0.21E-11
  520    12.975   -37.025   -37.025   0.82E-11
  521    13.000   -37.000   -37.000   0.10E-10
  522    13.025   -36.975   -36.975   0.62E-11
  523    13.050   -36.950   -36.950   0.16E-10
  524    13.075   -36.925   -36.925   0.00E+00
  525    13.100   -36.900   -36.900   0.21E-10
  526    13.125   -36.875   -36.875   0.62E-11
  527    13.150   -36.850   -36.850   0.23E-10
  528    13.175   -36.825   -36.825   0.19E-10
  529    13.200   -36.800   -36.800   0.19E-10
  530    13.225   -36.775   -36.775   0.23E-10
  531    13.250   -36.750   -36.750   0.10E-10
  532    13.275   -36.725   -36.725   0.19E-10
  533    13.300   -36.700   -36.700   0.19E-10
  534    13.325   -36.675   -36.675   0.16E-10
  535    13.350   -36.650   -36.650   0.62E-11
  536    13.375   -36.625   -36.625   0.19E-10
  537    13.400   -36.600   -36.600   0.27E-10
  538    13.425   -36.575   -36.575   0.16E-10
  539    13.450   -36.550   -36.550   0.19E-10
  540    13.475   -36.525   -36.525   0.10E-10
  541    13.500   -36.500   -36.500   0.16E-10
  542    13.525   -36.475   -36.475   0.12E-10
  543    13.550   -36.450   -36.450   0.25E-10
  544    13.575   -36.425   -36.425   0.23E-10
  545    13.600   -36.400   -36.400   0.12E-10
  546    13.625   -36.375   -36.375   0.21E-10
  547    13.650   -36.350   -36.350   0.82E-11
  548    13.675   -36.325   -36.325   0.23E-10
  549    13.700   -36.300   -36.300   0.16E-10
  550    13.725   -36.275   -36.275   0.16E-10
  551    13.750   -36.250   -36.250   0.25E-10
  552    13.775   -36.225   -36.225   0.43E-10
  553    13.800   -36.200   -36.200   0.33E-10
  554    13.825   -36.175   -36.175   0.21E-10
  555    13.850   -36.150   -36.150   0.10E-10
  556    13.875   -36.125   -36.125   0.25E-10
  557    13.900   -36.100   -36.100   0.16E-10
  558    13.925   -36.075   -36.075   0.12E-10
  559    13.950   -36.050   -36.050   0.14E-10
  560    13.975   -36.025   -36.025   0.41E-11
  561    14.000   -36.000   -36.000   0.27E-10
  562    14.025   -35.975   -35.975   0.29E-10
  563    14.050   -35.950   -35.950   0.25E-10
  564    14.075   -35.925   -35.925   0.12E-10
  565    14.100   -35.900   -35.900   0.33E-10
  566    14.125   -35.875   -35.875   0.12E-10
  567    14.150   -35.850   -35.850   0.16E-10
  568    14.175   -35.825   -35.825   0.29E-10
  569    14.200   -35.800   -35.800   0.16E-10
  570    14.225   -35.775   -35.775   0.16E-10
  571    14.250   -35.750   -35.750   0.16E-10
  572    14.275   -35.725   -35.725   0.41E-11
  573    14.300   -35.700   -35.700   0.16E-10
  574    14.325   -35.675   -35.675   0.21E-10
  575    14.350   -35.650   -35.650   0.12E-10
  576    14.375   -35.625   -35.625   0.16E-10
  577    14.400   -35.600   -35.600   0.25E-10
  578    14.425   -35.575   -35.575   0.29E-10
  579    14.450   -35.550   -35.550   0.41E-11
  580    14.475   -35.525   -35.525   0.37E-10
  581    14.500   -35.500   -35.500   0.33E-10
  582    14.525   -35.475   -35.475   0.37E-10
  583    14.550   -35.450   -35.450   0.25E-10
  584    14.575   -35.425   -35.425   0.21E-10
  585    14.600   -35.400   -35.400   0.82E-11
  586    14.625   -35.375   -35.375   0.33E-10
  587    14.650   -35.350   -35.350   0.29E-10
  588    14.675   -35.325   -35.325   0.45E-10
  589    14.700   -35.300   -35.300   0.12E-10
  590    14.725   -35.275   -35.275   0.16E-10
  591    14.750   -35.250   -35.250   0.21E-10
  592    14.775   -35.225   -35.225   0.16E-10
  593    14.800   -35.200   -35.200   0.16E-10
  594    14.825   -35.175   -35.175   0.29E-10
  595    14.850   -35.150   -35.150   0.12E-10
  596    14.875   -35.125   -35.125   0.82E-11
  597    14.900   -35.100   -35.100   0.12E-10
  598    14.925   -35.075   -35.075   0.25E-10
  599    14.950   -35.050   -35.050   0.25E-10
  600    14.975   -35.025   -35.025   0.29E-10
  601    15.000   -35.000   -35.000   0.21E-10
  602    15.025   -34.975   -34.975   0.37E-10
  603    15.050   -34.950   -34.950   0.25E-10
  604    15.075   -34.925   -34.925   0.16E-10
  605    15.100   -34.900   -34.900   0.21E-10
  606    15.125   -34.875   -34.875   0.21E-10
  607    15.150   -34.850   -34.850   0.82E-11
  608    15.175   -34.825   -34.825   0.82E-11
  609    15.200   -34.800   -34.800   0.49E-10
  610    15.225   -34.775   -34.775   0.16E-10
  611    15.250   -34.750   -34.750   0.49E-10
  612    15.275   -34.725   -34.725   0.33E-10
  613    15.300   -34.700   -34.700   0.37E-10
  614    15.325   -34.675   -34.675   0.29E-10
  615    15.350   -34.650   -34.650   0.25E-10
  616    15.375   -34.625   -34.625   0.16E-10
  617    15.400   -34.600   -34.600   0.37E-10
  618    15.425   -34.575   -34.575   0.16E-10
  619    15.450   -34.550   -34.550   0.82E-11
  620    15.475   -34.525   -34.525   0.25E-10
  621    15.500   -34.500   -34.500   0.82E-11
  622    15.525   -34.475   -34.475   0.21E-10
  623    15.550   -34.450   -34.450   0.33E-10
  624    15.575   -34.425   -34.425   0.21E-10
  625    15.600   -34.400   -34.400   0.37E-10
  626    15.625   -34.375   -34.375   0.25E-10
  627    15.650   -34.350   -34.350   0.16E-10
  628    15.675   -34.325   -34.325   0.37E-10
  629    15.700   -34.300   -34.300   0.41E-11
  630    15.725   -34.275   -34.275   0.29E-10
  631    15.750   -34.250   -34.250   0.49E-10
  632    15.775   -34.225   -34.225   0.41E-11
  633    15.800   -34.200   -34.200   0.33E-10
  634    15.825   -34.175   -34.175   0.12E-10
  635    15.850   -34.150   -34.150   0.29E-10
  636    15.875   -34.125   -34.125   0.16E-10
  637    15.900   -34.100   -34.100   0.12E-10
  638    15.925   -34.075   -34.075   0.41E-10
  639    15.950   -34.050   -34.050   0.82E-11
  640    15.975   -34.025   -34.025   0.12E-10
  641    16.000   -34.000   -34.000   0.29E-10
  642    16.025   -33.975   -33.975  -0.41E-11
  643    16.050   -33.950   -33.950   0.16E-10
  644    16.075   -33.925   -33.925   0.41E-11
  645    16.100   -33.900   -33.900   0.29E-10
  646    16.125   -33.875   -33.875   0.29E-10
  647    16.150   -33.850   -33.850   0.82E-11
  648    16.175   -33.825   -33.825   0.12E-10
  649    16.200   -33.800   -33.800   0.16E-10
  650    16.225   -33.775   -33.775  -0.82E-11
  651    16.250   -33.750   -33.750   0.41E-11
  652    16.275   -33.725   -33.725   0.16E-10
  653    16.300   -33.700   -33.700   0.12E-10
  654    16.325   -33.675   -33.675   0.41E-10
  655    16.350   -33.650   -33.650   0.45E-10
  656    16.375   -33.625   -33.625   0.45E-10
  657    16.400   -33.600   -33.600   0.41E-10
  658    16.425   -33.575   -33.575   0.21E-10
  659    16.450   -33.550   -33.550   0.16E-10
  660    16.475   -33.525   -33.525   0.33E-10
  661    16.500   -33.500   -33.500   0.33E-10
  662    16.525   -33.475   -33.475   0.82E-11
  663    16.550   -33.450   -33.450   0.25E-10
  664    16.575   -33.425   -33.425  -0.82E-11
  665    16.600   -33.400   -33.400   0.33E-10
  666    16.625   -33.375   -33.375   0.37E-10
  667    16.650   -33.350   -33.350   0.82E-11
  668    16.675   -33.325   -33.325   0.16E-10
  669    16.700   -33.300   -33.300   0.41E-11
  670    16.725   -33.275   -33.275   0.82E-11
  671    16.750   -33.250   -33.250  -0.41E-11
  672    16.775   -33.225   -33.225   0.16E-10
  673    16.800   -33.200   -33.200   0.37E-10
  674    16.825   -33.175   -33.175   0.00E+00
  675    16.850   -33.150   -33.150   0.16E-10
  676    16.875   -33.125   -33.125   0.82E-11
  677    16.900   -33.100   -33.100  -0.12E-10
  678    16.925   -33.075   -33.075   0.41E-10
  679    16.950   -33.050   -33.050   0.29E-10
  680    16.975   -33.025   -33.025   0.58E-10
  681    17.000   -33.000   -33.000   0.54E-10
  682    17.025   -32.975   -32.975   0.25E-10
  683    17.050   -32.950   -32.950   0.12E-10
  684    17.075   -32.925   -32.925   0.82E-11
  685    17.100   -32.900   -32.900   0.29E-10
  686    17.125   -32.875   -32.875   0.41E-11
  687    17.150   -32.850   -32.850   0.37E-10
  688    17.175   -32.825   -32.825   0.41E-10
  689    17.200   -32.800   -32.800   0.12E-10
  690    17.225   -32.775   -32.775   0.00E+00
  691    17.250   -32.750   -32.750   0.16E-10
  692    17.275   -32.725   -32.725  -0.16E-10
  693    17.300   -32.700   -32.700   0.33E-10
  694    17.325   -32.675   -32.675  -0.82E-11
  695    17.350   -32.650   -32.650   0.37E-10
  696    17.375   -32.625   -32.625   0.25E-10
  697    17.400   -32.600   -32.600   0.16E-10
  698    17.425   -32.575   -32.575   0.21E-10
  699    17.450   -32.550   -32.550  -0.41E-11
  700    17.475   -32.525   -32.525   0.12E-10
  701    17.500   -32.500   -32.500  -0.41E-11
  702    17.525   -32.475   -32.475   0.00E+00
  703    17.550   -32.450   -32.450   0.25E-10
  704    17.575   -32.425   -32.425   0.25E-10
  705    17.600   -32.400   -32.400   0.21E-10
  706    17.625   -32.375   -32.375   0.33E-10
  707    17.650   -32.350   -32.350   0.45E-10
  708    17.675   -32.325   -32.325   0.62E-10
  709    17.700   -32.300   -32.300   0.16E-10
  710    17.725   -32.275   -32.275   0.33E-10
  711    17.750   -32.250   -32.250   0.21E-10
  712    17.775   -32.225   -32.225   0.00E+00
  713    17.800   -32.200   -32.200   0.33E-10
  714    17.825   -32.175   -32.175   0.82E-11
  715    17.850   -32.150   -32.150   0.41E-10
  716    17.875   -32.125   -32.125   0.49E-10
  717    17.900   -32.100   -32.100   0.16E-10
  718    17.925   -32.075   -32.075   0.16E-10
  719    17.950   -32.050   -32.050   0.12E-10
  720    17.975   -32.025   -32.025  -0.41E-11
  721    18.000   -32.000   -32.000   0.00E+00
  722    18.025   -31.975   -31.975   0.41E-11
  723    18.050   -31.950   -31.950   0.29E-10
  724    18.075   -31.925   -31.925   0.29E-10
  725    18.100   -31.900   -31.900   0.29E-10
  726    18.125   -31.875   -31.875   0.00E+00
  727    18.150   -31.850   -31.850  -0.82E-11
  728    18.175   -31.825   -31.825   0.21E-10
  729    18.200   -31.800   -31.800   0.29E-10
  730    18.225   -31.775   -31.775   0.16E-10
  731    18.250   -31.750   -31.750   0.41E-10
  732    18.275   -31.725   -31.725   0.33E-10
  733    18.300   -31.700   -31.700   0.33E-10
  734    18.325   -31.675   -31.675   0.82E-11
  735    18.350   -31.650   -31.650   0.82E-11
  736    18.375   -31.625   -31.625  -0.41E-11
  737    18.400   -31.600   -31.600   0.29E-10
  738    18.425   -31.575   -31.575   0.29E-10
  739    18.450   -31.550   -31.550   0.41E-10
  740    18.475   -31.525   -31.525   0.41E-11
  741    18.500   -31.500   -31.500  -0.41E-11
  742    18.525   -31.475   -31.475  -0.12E-10
  743    18.550   -31.450   -31.450  -0.25E-10
  744    18.575   -31.425   -31.425  -0.29E-10
  745    18.600   -31.400   -31.400   0.12E-10
  746    18.625   -31.375   -31.375   0.82E-11
  747    18.650   -31.350   -31.350  -0.25E-10
  748    18.675   -31.325   -31.325   0.00E+00
  749    18.700   -31.300   -31.300  -0.82E-11
  750    18.725   -31.275   -31.275  -0.41E-11
  751    18.750   -31.250   -31.250  -0.82E-11
  752    18.775   -31.225   -31.225   0.45E-10
  753    18.800   -31.200   -31.200   0.49E-10
  754    18.825   -31.175   -31.175   0.16E-10
  755    18.850   -31.150   -31.150   0.12E-10
  756    18.875   -31.125   -31.125   0.82E-11
  757    18.900   -31.100   -31.100   0.16E-10
  758    18.925   -31.075   -31.075   0.33E-10
  759    18.950   -31.050   -31.050   0.29E-10
  760    18.975   -31.025   -31.025   0.33E-10
  761    19.000   -31.000   -31.000   0.16E-10
  762    19.025   -30.975   -30.975   0.00E+00
  763    19.050   -30.950   -30.950   0.82E-11
  764    19.075   -30.925   -30.925   0.21E-10
  765    19.100   -30.900   -30.900   0.00E+00
  766    19.125   -30.875   -30.875   0.21E-10
  767    19.150   -30.850   -30.850  -0.16E-10
  768    19.175   -30.825   -30.825   0.41E-11
  769    19.200   -30.800   -30.800   0.00E+00
  770    19.225   -30.775   -30.775   0.82E-11
  771    19.250   -30.750   -30.750   0.41E-11
  772    19.275   -30.725   -30.725   0.82E-11
  773    19.300   -30.700   -30.700   0.12E-10
  774    19.325   -30.675   -30.675   0.41E-11
  775    19.350   -30.650   -30.650  -0.82E-11
  776    19.375   -30.625   -30.625  -0.82E-11
  777    19.400   -30.600   -30.600   0.25E-10
  778    19.425   -30.575   -30.575   0.25E-10
  779    19.450   -30.550   -30.550   0.12E-10
  780    19.475   -30.525   -30.525   0.25E-10
  781    19.500   -30.500   -30.500   0.25E-10
  782    19.525   -30.475   -30.475   0.82E-11
  783    19.550   -30.450   -30.450   0.00E+00
  784    19.575   -30.425   -30.425   0.29E-10
  785    19.600   -30.400   -30.400   0.21E-10
  786    19.625   -30.375   -30.375   0.41E-11
  787    19.650   -30.350   -30.350   0.00E+00
  788    19.675   -30.325   -30.325   0.41E-11
  789    19.700   -30.300   -30.300   0.82E-11
  790    19.725   -30.275   -30.275   0.00E+00
  791    19.750   -30.250   -30.250   0.12E-10
  792    19.775   -30.225   -30.225   0.82E-11
  793    19.800   -30.200   -30.200  -0.12E-10
  794    19.825   -30.175   -30.175   0.16E-10
  795    19.850   -30.150   -30.150   0.25E-10
  796    19.875   -30.125   -30.125   0.00E+00
  797    19.900   -30.100   -30.100   0.21E-10
  798    19.925   -30.075   -30.075   0.21E-10
  799    19.950   -30.050   -30.050   0.16E-10
  800    19.975   -30.025   -30.025   0.82E-11
  801    20.000   -30.000   -30.000  -0.82E-11
  802    20.025   -29.975   -29.975   0.41E-11
  803    20.050   -29.950   -29.950   0.16E-10
  804    20.075   -29.925   -29.925   0.21E-10
  805    20.100   -29.900   -29.900   0.21E-10
  806    20.125   -29.875   -29.875   0.16E-10
  807    20.150   -29.850   -29.850   0.12E-10
  808    20.175   -29.825   -29.825   0.00E+00
  809    20.200   -29.800   -29.800   0.16E-10
  810    20.225   -29.775   -29.775   0.25E-10
  811    20.250   -29.750   -29.750   0.16E-10
  812    20.275   -29.725   -29.725   0.82E-11
  813    20.300   -29.700   -29.700   0.16E-10
  814    20.325   -29.675   -29.675   0.21E-10
  815    20.350   -29.650   -29.650   0.12E-10
  816    20.375   -29.625   -29.625   0.82E-11
  817    20.400   -29.600   -29.600  -0.82E-11
  818    20.425   -29.575   -29.575   0.00E+00
  819    20.450   -29.550   -29.550   0.41E-11
  820    20.475   -29.525   -29.525   0.12E-10
  821    20.500   -29.500   -29.500   0.00E+00
  822    20.525   -29.475   -29.475  -0.82E-11
  823    20.550   -29.450   -29.450  -0.12E-10
  824    20.575   -29.425   -29.425   0.21E-10
  825    20.600   -29.400   -29.400   0.41E-11
  826    20.625   -29.375   -29.375   0.12E-10
  827    20.650   -29.350   -29.350   0.82E-11
  828    20.675   -29.325   -29.325   0.33E-10
  829    20.700   -29.300   -29.300   0.82E-11
  830    20.725   -29.275   -29.275   0.29E-10
  831    20.750   -29.250   -29.250   0.82E-11
  832    20.775   -29.225   -29.225   0.82E-11
  833    20.800   -29.200   -29.200   0.25E-10
  834    20.825   -29.175   -29.175   0.82E-11
  835    20.850   -29.150   -29.150   0.16E-10
  836    20.875   -29.125   -29.125   0.00E+00
  837    20.900   -29.100   -29.100   0.16E-10
  838    20.925   -29.075   -29.075  -0.41E-11
  839    20.950   -29.050   -29.050   0.21E-10
  840    20.975   -29.025   -29.025  -0.16E-10
  841    21.000   -29.000   -29.000  -0.41E-11
  842    21.025   -28.975   -28.975  -0.82E-11
  843    21.050   -28.950   -28.950   0.41E-11
  844    21.075   -28.925   -28.925   0.82E-11
  845    21.100   -28.900   -28.900   0.41E-11
  846    21.125   -28.875   -28.875   0.82E-11
  847    21.150   -28.850   -28.850  -0.82E-11
  848    21.175   -28.825   -28.825   0.00E+00
  849    21.200   -28.800   -28.800  -0.82E-11
  850    21.225   -28.775   -28.775  -0.82E-11
  851    21.250   -28.750   -28.750   0.16E-10
  852    21.275   -28.725   -28.725   0.12E-10
  853    21.300   -28.700   -28.700   0.29E-10
  854    21.325   -28.675   -28.675  -0.41E-11
  855    21.350   -28.650   -28.650   0.82E-11
  856    21.375   -28.625   -28.625   0.41E-11
  857    21.400   -28.600   -28.600   0.12E-10
  858    21.425   -28.575   -28.575  -0.41E-11
  859    21.450   -28.550   -28.550   0.16E-10
  860    21.475   -28.525   -28.525  -0.82E-11
  861    21.500   -28.500   -28.500   0.41E-11
  862    21.525   -28.475   -28.475   0.00E+00
  863    21.550   -28.450   -28.450  -0.82E-11
  864    21.575   -28.425   -28.425  -0.41E-11
  865    21.600   -28.400   -28.400   0.82E-11
  866    21.625   -28.375   -28.375   0.82E-11
  867    21.650   -28.350   -28.350  -0.41E-11
  868    21.675   -28.325   -28.325  -0.21E-10
  869    21.700   -28.300   -28.300  -0.41E-11
  870    21.725   -28.275   -28.275  -0.16E-10
  871    21.750   -28.250   -28.250  -0.41E-11
  872    21.775   -28.225   -28.225   0.00E+00
  873    21.800   -28.200   -28.200  -0.41E-11
  874    21.825   -28.175   -28.175   0.25E-10
  875    21.850   -28.150   -28.150   0.00E+00
  876    21.875   -28.125   -28.125   0.00E+00
  877    21.900   -28.100   -28.100   0.16E-10
  878    21.925   -28.075   -28.075   0.16E-10
  879    21.950   -28.050   -28.050   0.82E-11
  880    21.975   -28.025   -28.025   0.21E-10
  881    22.000   -28.000   -28.000   0.29E-10
  882    22.025   -27.975   -27.975  -0.12E-10
  883    22.050   -27.950   -27.950   0.00E+00
  884    22.075   -27.925   -27.925   0.12E-10
  885    22.100   -27.900   -27.900   0.82E-11
  886    22.125   -27.875   -27.875   0.41E-11
  887    22.150   -27.850   -27.850   0.00E+00
  888    22.175   -27.825   -27.825   0.21E-10
  889    22.200   -27.800   -27.800   0.00E+00
  890    22.225   -27.775   -27.775  -0.12E-10
  891    22.250   -27.750   -27.750  -0.41E-11
  892    22.275   -27.725   -27.725  -0.82E-11
  893    22.300   -27.700   -27.700  -0.41E-11
  894    22.325   -27.675   -27.675  -0.82E-11
  895    22.350   -27.650   -27.650   0.12E-10
  896    22.375   -27.625   -27.625  -0.33E-10
  897    22.400   -27.600   -27.600  -0.12E-10
  898    22.425   -27.575   -27.575  -0.82E-11
  899    22.450   -27.550   -27.550  -0.82E-11
  900    22.475   -27.525   -27.525   0.41E-11
  901    22.500   -27.500   -27.500  -0.82E-11
  902    22.525   -27.475   -27.475   0.00E+00
  903    22.550   -27.450   -27.450  -0.21E-10
  904    22.575   -27.425   -27.425   0.41E-11
  905    22.600   -27.400   -27.400   0.21E-10
  906    22.625   -27.375   -27.375   0.25E-10
  907    22.650   -27.350   -27.350  -0.82E-11
  908    22.675   -27.325   -27.325   0.41E-11
  909    22.700   -27.300   -27.300   0.16E-10
  910    22.725   -27.275   -27.275   0.00E+00
  911    22.750   -27.250   -27.250   0.25E-10
  912    22.775   -27.225   -27.225   0.21E-10
  913    22.800   -27.200   -27.200  -0.41E-11
  914    22.825   -27.175   -27.175  -0.41E-11
  915    22.850   -27.150   -27.150  -0.82E-11
  916    22.875   -27.125   -27.125  -0.12E-10
  917    22.900   -27.100   -27.100  -0.16E-10
  918    22.925   -27.075   -27.075  -0.82E-11
  919    22.950   -27.050   -27.050   0.21E-10
  920    22.975   -27.025   -27.025   0.00E+00
  921    23.000   -27.000   -27.000  -0.41E-11
  922    23.025   -26.975   -26.975  -0.21E-10
  923    23.050   -26.950   -26.950  -0.82E-11
  924    23.075   -26.925   -26.925  -0.41E-11
  925    23.100   -26.900   -26.900   0.00E+00
  926    23.125   -26.875   -26.875  -0.82E-11
  927    23.150   -26.850   -26.850   0.00E+00
  928    23.175   -26.825   -26.825  -0.21E-10
  929    23.200   -26.800   -26.800  -0.82E-11
  930    23.225   -26.775   -26.775   0.16E-10
  931    23.250   -26.750   -26.750   0.12E-10
  932    23.275   -26.725   -26.725  -0.82E-11
  933    23.300   -26.700   -26.700  -0.82E-11
  934    23.325   -26.675   -26.675   0.41E-11
  935    23.350   -26.650   -26.650  -0.82E-11
  936    23.375   -26.625   -26.625  -0.82E-11
  937    23.400   -26.600   -26.600   0.00E+00
  938    23.425   -26.575   -26.575  -0.41E-11
  939    23.450   -26.550   -26.550  -0.16E-10
  940    23.475   -26.525   -26.525   0.82E-11
  941    23.500   -26.500   -26.500   0.82E-11
  942    23.525   -26.475   -26.475   0.00E+00
  943    23.550   -26.450   -26.450  -0.41E-11
  944    23.575   -26.425   -26.425   0.16E-10
  945    23.600   -26.400   -26.400   0.16E-10
  946    23.625   -26.375   -26.375   0.12E-10
  947    23.650   -26.350   -26.350  -0.41E-11
  948    23.675   -26.325   -26.325  -0.16E-10
  949    23.700   -26.300   -26.300   0.16E-10
  950    23.725   -26.275   -26.275  -0.82E-11
  951    23.750   -26.250   -26.250   0.00E+00
  952    23.775   -26.225   -26.225   0.82E-11
  953    23.800   -26.200   -26.200   0.00E+00
  954    23.825   -26.175   -26.175  -0.12E-10
  955    23.850   -26.150   -26.150  -0.21E-10
  956    23.875   -26.125   -26.125   0.12E-10
  957    23.900   -26.100   -26.100  -0.16E-10
  958    23.925   -26.075   -26.075   0.12E-10
  959    23.950   -26.050   -26.050  -0.12E-10
  960    23.975   -26.025   -26.025   0.00E+00
  961    24.000   -26.000   -26.000   0.82E-11
  962    24.025   -25.975   -25.975  -0.16E-10
  963    24.050   -25.950   -25.950  -0.82E-11
  964    24.075   -25.925   -25.925  -0.82E-11
  965    24.100   -25.900   -25.900  -0.37E-10
  966    24.125   -25.875   -25.875   0.12E-10
  967    24.150   -25.850   -25.850   0.00E+00
  968    24.175   -25.825   -25.825   0.00E+00
  969    24.200   -25.800   -25.800  -0.82E-11
  970    24.225   -25.775   -25.775   0.00E+00
  971    24.250   -25.750   -25.750  -0.25E-10
  972    24.275   -25.725   -25.725  -0.82E-11
  973    24.300   -25.700   -25.700   0.82E-11
  974    24.325   -25.675   -25.675  -0.16E-10
  975    24.350   -25.650   -25.650   0.82E-11
  976    24.375   -25.625   -25.625  -0.16E-10
  977    24.400   -25.600   -25.600  -0.25E-10
  978    24.425   -25.575   -25.575  -0.25E-10
  979    24.450   -25.550   -25.550   0.00E+00
  980    24.475   -25.525   -25.525   0.00E+00
  981    24.500   -25.500   -25.500   0.00E+00
  982    24.525   -25.475   -25.475  -0.82E-11
  983    24.550   -25.450   -25.450  -0.82E-11
  984    24.575   -25.425   -25.425   0.00E+00
  985    24.600   -25.400   -25.400   0.00E+00
  986    24.625   -25.375   -25.375  -0.82E-11
  987    24.650   -25.350   -25.350   0.82E-11
  988    24.675   -25.325   -25.325   0.00E+00
  989    24.700   -25.300   -25.300  -0.33E-10
  990    24.725   -25.275   -25.275  -0.16E-10
  991    24.750   -25.250   -25.250   0.00E+00
  992    24.775   -25.225   -25.225  -0.82E-11
  993    24.800   -25.200   -25.200  -0.16E-10
  994    24.825   -25.175   -25.175   0.82E-11
  995    24.850   -25.150   -25.150   0.16E-10
  996    24.875   -25.125   -25.125   0.00E+00
  997    24.900   -25.100   -25.100   0.00E+00
  998    24.925   -25.075   -25.075   0.25E-10
  999    24.950   -25.050   -25.050   0.00E+00
 1000    24.975   -25.025   -25.025  -0.82E-11
 1001    25.000   -25.000   -25.000  -0.82E-11
 1002    25.025   -24.975   -24.975  -0.82E-11
 1003    25.050   -24.950   -24.950  -0.33E-10
 1004    25.075   -24.925   -24.925  -0.16E-10
 1005    25.100   -24.900   -24.900  -0.16E-10
 1006    25.125   -24.875   -24.875  -0.16E-10
 1007    25.150   -24.850   -24.850  -0.82E-11
 1008    25.175   -24.825   -24.825   0.16E-10
 1009    25.200   -24.800   -24.800   0.82E-11
 1010    25.225   -24.775   -24.775   0.00E+00
 1011    25.250   -24.750   -24.750  -0.25E-10
 1012    25.275   -24.725   -24.725  -0.82E-11
 1013    25.300   -24.700   -24.700   0.41E-10
 1014    25.325   -24.675   -24.675   0.82E-11
 1015    25.350   -24.650   -24.650  -0.25E-10
 1016    25.375   -24.625   -24.625   0.16E-10
 1017    25.400   -24.600   -24.600   0.82E-11
 1018    25.425   -24.575   -24.575   0.00E+00
 1019    25.450   -24.550   -24.550  -0.16E-10
 1020    25.475   -24.525   -24.525   0.00E+00
 1021    25.500   -24.500   -24.500  -0.25E-10
 1022    25.525   -24.475   -24.475  -0.82E-11
 1023    25.550   -24.450   -24.450  -0.82E-11
 1024    25.575   -24.425   -24.425   0.82E-11
 1025    25.600   -24.400   -24.400  -0.16E-10
 1026    25.625   -24.375   -24.375  -0.82E-11
 1027    25.650   -24.350   -24.350  -0.82E-11
 1028    25.675   -24.325   -24.325   0.82E-11
 1029    25.700   -24.300   -24.300   0.16E-10
 1030    25.725   -24.275   -24.275   0.25E-10
 1031    25.750   -24.250   -24.250  -0.16E-10
 1032    25.775   -24.225   -24.225  -0.25E-10
 1033    25.800   -24.200   -24.200  -0.16E-10
 1034    25.825   -24.175   -24.175  -0.16E-10
 1035    25.850   -24.150   -24.150  -0.25E-10
 1036    25.875   -24.125   -24.125  -0.16E-10
 1037    25.900   -24.100   -24.100  -0.25E-10
 1038    25.925   -24.075   -24.075  -0.25E-10
 1039    25.950   -24.050   -24.050  -0.25E-10
 1040    25.975   -24.025   -24.025  -0.82E-11
 1041    26.000   -24.000   -24.000   0.00E+00
 1042    26.025   -23.975   -23.975  -0.25E-10
 1043    26.050   -23.950   -23.950   0.00E+00
 1044    26.075   -23.925   -23.925  -0.25E-10
 1045    26.100   -23.900   -23.900   0.00E+00
 1046    26.125   -23.875   -23.875   0.82E-11
 1047    26.150   -23.850   -23.850   0.82E-11
 1048    26.175   -23.825   -23.825  -0.82E-11
 1049    26.200   -23.800   -23.800   0.00E+00
 1050    26.225   -23.775   -23.775  -0.82E-11
 1051    26.250   -23.750   -23.750  -0.82E-11
 1052    26.275   -23.725   -23.725  -0.25E-10
 1053    26.300   -23.700   -23.700  -0.33E-10
 1054    26.325   -23.675   -23.675  -0.49E-10
 1055    26.350   -23.650   -23.650  -0.25E-10
 1056    26.375   -23.625   -23.625  -0.82E-11
 1057    26.400   -23.600   -23.600  -0.25E-10
 1058    26.425   -23.575   -23.575  -0.16E-10
 1059    26.450   -23.550   -23.550  -0.16E-10
 1060    26.475   -23.525   -23.525   0.00E+00
 1061    26.500   -23.500   -23.500   0.82E-11
 1062    26.525   -23.475   -23.475  -0.16E-10
 1063    26.550   -23.450   -23.450  -0.33E-10
 1064    26.575   -23.425   -23.425   0.82E-11
 1065    26.600   -23.400   -23.400  -0.41E-10
 1066    26.625   -23.375   -23.375  -0.82E-11
 1067    26.650   -23.350   -23.350  -0.33E-10
 1068    26.675   -23.325   -23.325   0.16E-10
 1069    26.700   -23.300   -23.300   0.00E+00
 1070    26.725   -23.275   -23.275   0.25E-10
 1071    26.750   -23.250   -23.250   0.00E+00
 1072    26.775   -23.225   -23.225   0.49E-10
 1073    26.800   -23.200   -23.200  -0.82E-11
 1074    26.825   -23.175   -23.175   0.00E+00
 1075    26.850   -23.150   -23.150  -0.33E-10
 1076    26.875   -23.125   -23.125   0.82E-11
 1077    26.900   -23.100   -23.100  -0.82E-11
 1078    26.925   -23.075   -23.075   0.00E+00
 1079    26.950   -23.050   -23.050  -0.16E-10
 1080    26.975   -23.025   -23.025  -0.82E-11
 1081    27.000   -23.000   -23.000   0.33E-10
 1082    27.025   -22.975   -22.975  -0.16E-10
 1083    27.050   -22.950   -22.950  -0.82E-11
 1084    27.075   -22.925   -22.925   0.25E-10
 1085    27.100   -22.900   -22.900  -0.82E-11
 1086    27.125   -22.875   -22.875  -0.16E-10
 1087    27.150   -22.850   -22.850   0.00E+00
 1088    27.175   -22.825   -22.825   0.25E-10
 1089    27.200   -22.800   -22.800  -0.16E-10
 1090    27.225   -22.775   -22.775  -0.82E-11
 1091    27.250   -22.750   -22.750   0.00E+00
 1092    27.275   -22.725   -22.725  -0.25E-10
 1093    27.300   -22.700   -22.700  -0.82E-11
 1094    27.325   -22.675   -22.675   0.41E-10
 1095    27.350   -22.650   -22.650   0.00E+00
 1096    27.375   -22.625   -22.625  -0.25E-10
 1097    27.400   -22.600   -22.600   0.82E-11
 1098    27.425   -22.575   -22.575   0.25E-10
 1099    27.450   -22.550   -22.550  -0.25E-10
 1100    27.475   -22.525   -22.525   0.00E+00
 1101    27.500   -22.500   -22.500   0.82E-11
 1102    27.525   -22.475   -22.475  -0.25E-10
 1103    27.550   -22.450   -22.450  -0.25E-10
 1104    27.575   -22.425   -22.425   0.00E+00
 1105    27.600   -22.400   -22.400  -0.25E-10
 1106    27.625   -22.375   -22.375  -0.82E-11
 1107    27.650   -22.350   -22.350  -0.82E-11
 1108    27.675   -22.325   -22.325  -0.41E-10
 1109    27.700   -22.300   -22.300  -0.82E-11
 1110    27.725   -22.275   -22.275   0.00E+00
 1111    27.750   -22.250   -22.250  -0.82E-11
 1112    27.775   -22.225   -22.225   0.82E-11
 1113    27.800   -22.200   -22.200  -0.82E-11
 1114    27.825   -22.175   -22.175   0.16E-10
 1115    27.850   -22.150   -22.150   0.00E+00
 1116    27.875   -22.125   -22.125   0.00E+00
 1117    27.900   -22.100   -22.100  -0.25E-10
 1118    27.925   -22.075   -22.075  -0.49E-10
 1119    27.950   -22.050   -22.050  -0.33E-10
 1120    27.975   -22.025   -22.025   0.00E+00
 1121    28.000   -22.000   -22.000  -0.58E-10
 1122    28.025   -21.975   -21.975   0.16E-10
 1123    28.050   -21.950   -21.950  -0.82E-11
 1124    28.075   -21.925   -21.925  -0.82E-11
 1125    28.100   -21.900   -21.900  -0.82E-11
 1126    28.125   -21.875   -21.875  -0.82E-11
 1127    28.150   -21.850   -21.850   0.16E-10
 1128    28.175   -21.825   -21.825  -0.16E-10
 1129    28.200   -21.800   -21.800  -0.82E-11
 1130    28.225   -21.775   -21.775  -0.41E-10
 1131    28.250   -21.750   -21.750   0.25E-10
 1132    28.275   -21.725   -21.725   0.82E-11
 1133    28.300   -21.700   -21.700   0.16E-10
 1134    28.325   -21.675   -21.675  -0.82E-11
 1135    28.350   -21.650   -21.650  -0.33E-10
 1136    28.375   -21.625   -21.625  -0.41E-10
 1137    28.400   -21.600   -21.600  -0.16E-10
 1138    28.425   -21.575   -21.575   0.33E-10
 1139    28.450   -21.550   -21.550   0.33E-10
 1140    28.475   -21.525   -21.525   0.82E-11
 1141    28.500   -21.500   -21.500  -0.25E-10
 1142    28.525   -21.475   -21.475   0.00E+00
 1143    28.550   -21.450   -21.450  -0.16E-10
 1144    28.575   -21.425   -21.425   0.00E+00
 1145    28.600   -21.400   -21.400  -0.16E-10
 1146    28.625   -21.375   -21.375   0.25E-10
 1147    28.650   -21.350   -21.350  -0.25E-10
 1148    28.675   -21.325   -21.325  -0.41E-10
 1149    28.700   -21.300   -21.300   0.00E+00
 1150    28.725   -21.275   -21.275   0.16E-10
 1151    28.750   -21.250   -21.250  -0.33E-10
 1152    28.775   -21.225   -21.225   0.82E-11
 1153    28.800   -21.200   -21.200  -0.25E-10
 1154    28.825   -21.175   -21.175  -0.41E-10
 1155    28.850   -21.150   -21.150  -0.16E-10
 1156    28.875   -21.125   -21.125   0.16E-10
 1157    28.900   -21.100   -21.100  -0.25E-10
 1158    28.925   -21.075   -21.075  -0.33E-10
 1159    28.950   -21.050   -21.050  -0.58E-10
 1160    28.975   -21.025   -21.025   0.00E+00
 1161    29.000   -21.000   -21.000  -0.74E-10
 1162    29.025   -20.975   -20.975  -0.58E-10
 1163    29.050   -20.950   -20.950  -0.74E-10
 1164    29.075   -20.925   -20.925  -0.11E-09
 1165    29.100   -20.900   -20.900  -0.74E-10
 1166    29.125   -20.875   -20.875  -0.82E-10
 1167    29.150   -20.850   -20.850  -0.74E-10
 1168    29.175   -20.825   -20.825  -0.11E-09
 1169    29.200   -20.800   -20.800  -0.91E-10
 1170    29.225   -20.775   -20.775  -0.82E-10
 1171    29.250   -20.750   -20.750  -0.11E-09
 1172    29.275   -20.725   -20.725  -0.14E-09
 1173    29.300   -20.700   -20.700  -0.99E-10
 1174    29.325   -20.675   -20.675  -0.19E-09
 1175    29.350   -20.650   -20.650  -0.20E-09
 1176    29.375   -20.625   -20.625  -0.21E-09
 1177    29.400   -20.600   -20.600  -0.26E-09
 1178    29.425   -20.575   -20.575  -0.20E-09
 1179    29.450   -20.550   -20.550  -0.24E-09
 1180    29.475   -20.525   -20.525  -0.28E-09
 1181    29.500   -20.500   -20.500  -0.30E-09
 1182    29.525   -20.475   -20.475  -0.34E-09
 1183    29.550   -20.450   -20.450  -0.34E-09
 1184    29.575   -20.425   -20.425  -0.34E-09
 1185    29.600   -20.400   -20.400  -0.43E-09
 1186    29.625   -20.375   -20.375  -0.42E-09
 1187    29.650   -20.350   -20.350  -0.52E-09
 1188    29.675   -20.325   -20.325  -0.49E-09
 1189    29.700   -20.300   -20.300  -0.53E-09
 1190    29.725   -20.275   -20.275  -0.58E-09
 1191    29.750   -20.250   -20.250  -0.63E-09
 1192    29.775   -20.225   -20.225  -0.66E-09
 1193    29.800   -20.200   -20.200  -0.73E-09
 1194    29.825   -20.175   -20.175  -0.82E-09
 1195    29.850   -20.150   -20.150  -0.89E-09
 1196    29.875   -20.125   -20.125  -0.94E-09
 1197    29.900   -20.100   -20.100  -0.99E-09
 1198    29.925   -20.075   -20.075  -0.11E-08
 1199    29.950   -20.050   -20.050  -0.12E-08
 1200    29.975   -20.025   -20.025  -0.13E-08
 1201    30.000   -20.000   -20.000  -0.14E-08
 1202    30.025   -19.975   -19.975  -0.15E-08
 1203    30.050   -19.950   -19.950  -0.16E-08
 1204    30.075   -19.925   -19.925  -0.17E-08
 1205    30.100   -19.900   -19.900  -0.19E-08
 1206    30.125   -19.875   -19.875  -0.20E-08
 1207    30.150   -19.850   -19.850  -0.22E-08
 1208    30.175   -19.825   -19.825  -0.24E-08
 1209    30.200   -19.800   -19.800  -0.25E-08
 1210    30.225   -19.775   -19.775  -0.27E-08
 1211    30.250   -19.750   -19.750  -0.30E-08
 1212    30.275   -19.725   -19.725  -0.32E-08
 1213    30.300   -19.700   -19.700  -0.34E-08
 1214    30.325   -19.675   -19.675  -0.37E-08
 1215    30.350   -19.650   -19.650  -0.40E-08
 1216    30.375   -19.625   -19.625  -0.43E-08
 1217    30.400   -19.600   -19.600  -0.47E-08
 1218    30.425   -19.575   -19.575  -0.50E-08
 1219    30.450   -19.550   -19.550  -0.54E-08
 1220    30.475   -19.525   -19.525  -0.58E-08
 1221    30.500   -19.500   -19.500  -0.62E-08
 1222    30.525   -19.475   -19.475  -0.67E-08
 1223    30.550   -19.450   -19.450  -0.72E-08
 1224    30.575   -19.425   -19.425  -0.78E-08
 1225    30.600   -19.400   -19.400  -0.84E-08
 1226    30.625   -19.375   -19.375  -0.91E-08
 1227    30.650   -19.350   -19.350  -0.97E-08
 1228    30.675   -19.325   -19.325  -0.10E-07
 1229    30.700   -19.300   -19.300  -0.11E-07
 1230    30.725   -19.275   -19.275  -0.12E-07
 1231    30.750   -19.250   -19.250  -0.13E-07
 1232    30.775   -19.225   -19.225  -0.14E-07
 1233    30.800   -19.200   -19.200  -0.15E-07
 1234    30.825   -19.175   -19.175  -0.16E-07
 1235    30.850   -19.150   -19.150  -0.18E-07
 1236    30.875   -19.125   -19.125  -0.19E-07
 1237    30.900   -19.100   -19.100  -0.20E-07
 1238    30.925   -19.075   -19.075  -0.22E-07
 1239    30.950   -19.050   -19.050  -0.23E-07
 1240    30.975   -19.025   -19.025  -0.25E-07
 1241    31.000   -19.000   -19.000  -0.27E-07
 1242    31.025   -18.975   -18.975  -0.29E-07
 1243    31.050   -18.950   -18.950  -0.31E-07
 1244    31.075   -18.925   -18.925  -0.34E-07
 1245    31.100   -18.900   -18.900  -0.36E-07
 1246    31.125   -18.875   -18.875  -0.39E-07
 1247    31.150   -18.850   -18.850  -0.42E-07
 1248    31.175   -18.825   -18.825  -0.45E-07
 1249    31.200   -18.800   -18.800  -0.48E-07
 1250    31.225   -18.775   -18.775  -0.52E-07
 1251    31.250   -18.750   -18.750  -0.56E-07
 1252    31.275   -18.725   -18.725  -0.60E-07
 1253    31.300   -18.700   -18.700  -0.64E-07
 1254    31.325   -18.675   -18.675  -0.69E-07
 1255    31.350   -18.650   -18.650  -0.74E-07
 1256    31.375   -18.625   -18.625  -0.80E-07
 1257    31.400   -18.600   -18.600  -0.86E-07
 1258    31.425   -18.575   -18.575  -0.92E-07
 1259    31.450   -18.550   -18.550  -0.99E-07
 1260    31.475   -18.525   -18.525  -0.11E-06
 1261    31.500   -18.500   -18.500  -0.11E-06
 1262    31.525   -18.475   -18.475  -0.12E-06
 1263    31.550   -18.450   -18.450  -0.13E-06
 1264    31.575   -18.425   -18.425  -0.14E-06
 1265    31.600   -18.400   -18.400  -0.15E-06
 1266    31.625   -18.375   -18.375  -0.16E-06
 1267    31.650   -18.350   -18.350  -0.17E-06
 1268    31.675   -18.325   -18.325  -0.19E-06
 1269    31.700   -18.300   -18.300  -0.20E-06
 1270    31.725   -18.275   -18.275  -0.21E-06
 1271    31.750   -18.250   -18.250  -0.23E-06
 1272    31.775   -18.225   -18.225  -0.25E-06
 1273    31.800   -18.200   -18.200  -0.26E-06
 1274    31.825   -18.175   -18.175  -0.28E-06
 1275    31.850   -18.150   -18.150  -0.30E-06
 1276    31.875   -18.125   -18.125  -0.32E-06
 1277    31.900   -18.100   -18.100  -0.35E-06
 1278    31.925   -18.075   -18.075  -0.37E-06
 1279    31.950   -18.050   -18.050  -0.40E-06
 1280    31.975   -18.025   -18.025  -0.43E-06
 1281    32.000   -18.000   -18.000  -0.46E-06
 1282    32.025   -17.975   -17.975  -0.49E-06
 1283    32.050   -17.950   -17.950  -0.53E-06
 1284    32.075   -17.925   -17.925  -0.56E-06
 1285    32.100   -17.900   -17.900  -0.60E-06
 1286    32.125   -17.875   -17.875  -0.65E-06
 1287    32.150   -17.850   -17.850  -0.69E-06
 1288    32.175   -17.825   -17.825  -0.74E-06
 1289    32.200   -17.800   -17.800  -0.79E-06
 1290    32.225   -17.775   -17.775  -0.85E-06
 1291    32.250   -17.750   -17.750  -0.91E-06
 1292    32.275   -17.725   -17.725  -0.97E-06
 1293    32.300   -17.700   -17.700  -0.10E-05
 1294    32.325   -17.675   -17.675  -0.11E-05
 1295    32.350   -17.650   -17.650  -0.12E-05
 1296    32.375   -17.625   -17.625  -0.13E-05
 1297    32.400   -17.600   -17.600  -0.14E-05
 1298    32.425   -17.575   -17.575  -0.15E-05
 1299    32.450   -17.550   -17.550  -0.16E-05
 1300    32.475   -17.525   -17.525  -0.17E-05
 1301    32.500   -17.500   -17.500  -0.18E-05
 1302    32.525   -17.475   -17.475  -0.19E-05
 1303    32.550   -17.450   -17.450  -0.20E-05
 1304    32.575   -17.425   -17.425  -0.22E-05
 1305    32.600   -17.400   -17.400  -0.23E-05
 1306    32.625   -17.375   -17.375  -0.25E-05
 1307    32.650   -17.350   -17.350  -0.27E-05
 1308    32.675   -17.325   -17.325  -0.28E-05
 1309    32.700   -17.300   -17.300  -0.30E-05
 1310    32.725   -17.275   -17.275  -0.33E-05
 1311    32.750   -17.250   -17.250  -0.35E-05
 1312    32.775   -17.225   -17.225  -0.37E-05
 1313    32.800   -17.200   -17.200  -0.40E-05
 1314    32.825   -17.175   -17.175  -0.42E-05
 1315    32.850   -17.150   -17.150  -0.45E-05
 1316    32.875   -17.125   -17.125  -0.48E-05
 1317    32.900   -17.100   -17.100  -0.52E-05
 1318    32.925   -17.075   -17.075  -0.55E-05
 1319    32.950   -17.050   -17.050  -0.59E-05
 1320    32.975   -17.025   -17.025  -0.63E-05
 1321    33.000   -17.000   -17.000  -0.67E-05
 1322    33.025   -16.975   -16.975  -0.71E-05
 1323    33.050   -16.950   -16.950  -0.76E-05
 1324    33.075   -16.925   -16.925  -0.81E-05
 1325    33.100   -16.900   -16.900  -0.87E-05
 1326    33.125   -16.875   -16.875  -0.93E-05
 1327    33.150   -16.850   -16.850  -0.99E-05
 1328    33.175   -16.825   -16.825  -0.11E-04
 1329    33.200   -16.800   -16.800  -0.11E-04
 1330    33.225   -16.775   -16.775  -0.12E-04
 1331    33.250   -16.750   -16.750  -0.13E-04
 1332    33.275   -16.725   -16.725  -0.14E-04
 1333    33.300   -16.700   -16.700  -0.15E-04
 1334    33.325   -16.675   -16.675  -0.15E-04
 1335    33.350   -16.650   -16.650  -0.17E-04
 1336    33.375   -16.625   -16.625  -0.18E-04
 1337    33.400   -16.600   -16.600  -0.19E-04
 1338    33.425   -16.575   -16.575  -0.20E-04
 1339    33.450   -16.550   -16.550  -0.21E-04
 1340    33.475   -16.525   -16.525  -0.23E-04
 1341    33.500   -16.500   -16.500  -0.24E-04
 1342    33.525   -16.475   -16.475  -0.26E-04
 1343    33.550   -16.450   -16.450  -0.27E-04
 1344    33.575   -16.425   -16.425  -0.29E-04
 1345    33.600   -16.400   -16.400  -0.31E-04
 1346    33.625   -16.375   -16.375  -0.33E-04
 1347    33.650   -16.350   -16.350  -0.35E-04
 1348    33.675   -16.325   -16.325  -0.38E-04
 1349    33.700   -16.300   -16.300  -0.40E-04
 1350    33.725   -16.275   -16.275  -0.43E-04
 1351    33.750   -16.250   -16.250  -0.45E-04
 1352    33.775   -16.225   -16.225  -0.48E-04
 1353    33.800   -16.200   -16.200  -0.51E-04
 1354    33.825   -16.175   -16.175  -0.55E-04
 1355    33.850   -16.150   -16.150  -0.58E-04
 1356    33.875   -16.125   -16.125  -0.62E-04
 1357    33.900   -16.100   -16.100  -0.66E-04
 1358    33.925   -16.075   -16.075  -0.70E-04
 1359    33.950   -16.050   -16.050  -0.75E-04
 1360    33.975   -16.025   -16.025  -0.79E-04
 1361    34.000   -16.000   -16.000  -0.84E-04
 1362    34.025   -15.975   -15.975  -0.90E-04
 1363    34.050   -15.950   -15.950  -0.95E-04
 1364    34.075   -15.925   -15.925  -0.10E-03
 1365    34.100   -15.900   -15.900  -0.11E-03
 1366    34.125   -15.875   -15.875  -0.11E-03
 1367    34.150   -15.850   -15.850  -0.12E-03
 1368    34.175   -15.825   -15.825  -0.13E-03
 1369    34.200   -15.800   -15.800  -0.14E-03
 1370    34.225   -15.775   -15.775  -0.15E-03
 1371    34.250   -15.750   -15.750  -0.16E-03
 1372    34.275   -15.725   -15.725  -0.16E-03
 1373    34.300   -15.700   -15.700  -0.18E-03
 1374    34.325   -15.675   -15.675  -0.19E-03
 1375    34.350   -15.650   -15.650  -0.20E-03
 1376    34.375   -15.625   -15.625  -0.21E-03
 1377    34.400   -15.600   -15.600  -0.22E-03
 1378    34.425   -15.575   -15.575  -0.24E-03
 1379    34.450   -15.550   -15.550  -0.25E-03
 1380    34.475   -15.525   -15.525  -0.27E-03
 1381    34.500   -15.500   -15.500  -0.28E-03
 1382    34.525   -15.475   -15.475  -0.30E-03
 1383    34.550   -15.450   -15.450  -0.32E-03
 1384    34.575   -15.425   -15.425  -0.34E-03
 1385    34.600   -15.400   -15.400  -0.36E-03
 1386    34.625   -15.375   -15.375  -0.38E-03
 1387    34.650   -15.350   -15.350  -0.40E-03
 1388    34.675   -15.325   -15.325  -0.43E-03
 1389    34.700   -15.300   -15.300  -0.45E-03
 1390    34.725   -15.275   -15.275  -0.48E-03
 1391    34.750   -15.250   -15.249  -0.51E-03
 1392    34.775   -15.225   -15.224  -0.54E-03
 1393    34.800   -15.200   -15.199  -0.58E-03
 1394    34.825   -15.175   -15.174  -0.61E-03
 1395    34.850   -15.150   -15.149  -0.65E-03
 1396    34.875   -15.125   -15.124  -0.69E-03
 1397    34.900   -15.100   -15.099  -0.73E-03
 1398    34.925   -15.075   -15.074  -0.77E-03
 1399    34.950   -15.050   -15.049  -0.82E-03
 1400    34.975   -15.025   -15.024  -0.86E-03
 1401    35.000   -15.000   -14.999  -0.92E-03
 1402    35.025   -14.975   -14.974  -0.97E-03
 1403    35.050   -14.950   -14.949  -0.10E-02
 1404    35.075   -14.925   -14.924  -0.11E-02
 1405    35.100   -14.900   -14.899  -0.12E-02
 1406    35.125   -14.875   -14.874  -0.12E-02
 1407    35.150   -14.850   -14.849  -0.13E-02
 1408    35.175   -14.825   -14.824  -0.14E-02
 1409    35.200   -14.800   -14.799  -0.15E-02
 1410    35.225   -14.775   -14.773  -0.15E-02
 1411    35.250   -14.750   -14.748  -0.16E-02
 1412    35.275   -14.725   -14.723  -0.17E-02
 1413    35.300   -14.700   -14.698  -0.18E-02
 1414    35.325   -14.675   -14.673  -0.19E-02
 1415    35.350   -14.650   -14.648  -0.20E-02
 1416    35.375   -14.625   -14.623  -0.22E-02
 1417    35.400   -14.600   -14.598  -0.23E-02
 1418    35.425   -14.575   -14.573  -0.24E-02
 1419    35.450   -14.550   -14.547  -0.26E-02
 1420    35.475   -14.525   -14.522  -0.27E-02
 1421    35.500   -14.500   -14.497  -0.29E-02
 1422    35.525   -14.475   -14.472  -0.30E-02
 1423    35.550   -14.450   -14.447  -0.32E-02
 1424    35.575   -14.425   -14.422  -0.34E-02
 1425    35.600   -14.400   -14.396  -0.36E-02
 1426    35.625   -14.375   -14.371  -0.38E-02
 1427    35.650   -14.350   -14.346  -0.40E-02
 1428    35.675   -14.325   -14.321  -0.42E-02
 1429    35.700   -14.300   -14.296  -0.45E-02
 1430    35.725   -14.275   -14.270  -0.47E-02
 1431    35.750   -14.250   -14.245  -0.50E-02
 1432    35.775   -14.225   -14.220  -0.53E-02
 1433    35.800   -14.200   -14.194  -0.56E-02
 1434    35.825   -14.175   -14.169  -0.59E-02
 1435    35.850   -14.150   -14.144  -0.62E-02
 1436    35.875   -14.125   -14.118  -0.66E-02
 1437    35.900   -14.100   -14.093  -0.69E-02
 1438    35.925   -14.075   -14.068  -0.73E-02
 1439    35.950   -14.050   -14.042  -0.77E-02
 1440    35.975   -14.025   -14.017  -0.82E-02
 1441    36.000   -14.000   -13.991  -0.86E-02
 1442    36.025   -13.975   -13.966  -0.91E-02
 1443    36.050   -13.950   -13.940  -0.96E-02
 1444    36.075   -13.925   -13.915  -0.10E-01
 1445    36.100   -13.900   -13.889  -0.11E-01
 1446    36.125   -13.875   -13.864  -0.11E-01
 1447    36.150   -13.850   -13.838  -0.12E-01
 1448    36.175   -13.825   -13.812  -0.13E-01
 1449    36.200   -13.800   -13.787  -0.13E-01
 1450    36.225   -13.775   -13.761  -0.14E-01
 1451    36.250   -13.750   -13.735  -0.15E-01
 1452    36.275   -13.725   -13.709  -0.16E-01
 1453    36.300   -13.700   -13.684  -0.16E-01
 1454    36.325   -13.675   -13.658  -0.17E-01
 1455    36.350   -13.650   -13.632  -0.18E-01
 1456    36.375   -13.625   -13.606  -0.19E-01
 1457    36.400   -13.600   -13.580  -0.20E-01
 1458    36.425   -13.575   -13.554  -0.21E-01
 1459    36.450   -13.550   -13.528  -0.22E-01
 1460    36.475   -13.525   -13.501  -0.24E-01
 1461    36.500   -13.500   -13.475  -0.25E-01
 1462    36.525   -13.475   -13.449  -0.26E-01
 1463    36.550   -13.450   -13.422  -0.28E-01
 1464    36.575   -13.425   -13.396  -0.29E-01
 1465    36.600   -13.400   -13.369  -0.31E-01
 1466    36.625   -13.375   -13.343  -0.32E-01
 1467    36.650   -13.350   -13.316  -0.34E-01
 1468    36.675   -13.325   -13.289  -0.36E-01
 1469    36.700   -13.300   -13.262  -0.38E-01
 1470    36.725   -13.275   -13.235  -0.40E-01
 1471    36.750   -13.250   -13.208  -0.42E-01
 1472    36.775   -13.225   -13.181  -0.44E-01
 1473    36.800   -13.200   -13.154  -0.46E-01
 1474    36.825   -13.175   -13.126  -0.49E-01
 1475    36.850   -13.150   -13.099  -0.51E-01
 1476    36.875   -13.125   -13.071  -0.54E-01
 1477    36.900   -13.100   -13.043  -0.57E-01
 1478    36.925   -13.075   -13.015  -0.60E-01
 1479    36.950   -13.050   -12.987  -0.63E-01
 1480    36.975   -13.025   -12.959  -0.66E-01
 1481    37.000   -13.000   -12.930  -0.70E-01
 1482    37.025   -12.975   -12.902  -0.73E-01
 1483    37.050   -12.950   -12.873  -0.77E-01
 1484    37.075   -12.925   -12.844  -0.81E-01
 1485    37.100   -12.900   -12.815  -0.85E-01
 1486    37.125   -12.875   -12.785  -0.90E-01
 1487    37.150   -12.850   -12.756  -0.94E-01
 1488    37.175   -12.825   -12.726  -0.99E-01
 1489    37.200   -12.800   -12.696  -0.10E+00
 1490    37.225   -12.775   -12.666  -0.11E+00
 1491    37.250   -12.750   -12.635  -0.11E+00
 1492    37.275   -12.725   -12.604  -0.12E+00
 1493    37.300   -12.700   -12.573  -0.13E+00
 1494    37.325   -12.675   -12.542  -0.13E+00
 1495    37.350   -12.650   -12.510  -0.14E+00
 1496    37.375   -12.625   -12.478  -0.15E+00
 1497    37.400   -12.600   -12.446  -0.15E+00
 1498    37.425   -12.575   -12.413  -0.16E+00
 1499    37.450   -12.550   -12.380  -0.17E+00
 1500    37.475   -12.525   -12.347  -0.18E+00
 1501    37.500   -12.500   -12.313  -0.19E+00
 1502    37.525   -12.475   -12.279  -0.20E+00
 1503    37.550   -12.450   -12.244  -0.21E+00
 1504    37.575   -12.425   -12.209  -0.22E+00
 1505    37.600   -12.400   -12.173  -0.23E+00
 1506    37.625   -12.375   -12.137  -0.24E+00
 1507    37.650   -12.350   -12.101  -0.25E+00
 1508    37.675   -12.325   -12.064  -0.26E+00
 1509    37.700   -12.300   -12.026  -0.27E+00
 1510    37.725   -12.275   -11.988  -0.29E+00
 1511    37.750   -12.250   -11.949  -0.30E+00
 1512    37.775   -12.225   -11.909  -0.32E+00
 1513    37.800   -12.200   -11.869  -0.33E+00
 1514    37.825   -12.175   -11.828  -0.35E+00
 1515    37.850   -12.150   -11.787  -0.36E+00
 1516    37.875   -12.125   -11.744  -0.38E+00
 1517    37.900   -12.100   -11.701  -0.40E+00
 1518    37.925   -12.075   -11.657  -0.42E+00
 1519    37.950   -12.050   -11.613  -0.44E+00
 1520    37.975   -12.025   -11.567  -0.46E+00
 1521    38.000   -12.000   -11.520  -0.48E+00
 1522    38.025   -11.975   -11.473  -0.50E+00
 1523    38.050   -11.950   -11.425  -0.53E+00
 1524    38.075   -11.925   -11.375  -0.55E+00
 1525    38.100   -11.900   -11.325  -0.58E+00
 1526    38.125   -11.875   -11.273  -0.60E+00
 1527    38.150   -11.850   -11.220  -0.63E+00
 1528    38.175   -11.825   -11.166  -0.66E+00
 1529    38.200   -11.800   -11.111  -0.69E+00
 1530    38.225   -11.775   -11.055  -0.72E+00
 1531    38.250   -11.750   -10.997  -0.75E+00
 1532    38.275   -11.725   -10.938  -0.79E+00
 1533    38.300   -11.700   -10.878  -0.82E+00
 1534    38.325   -11.675   -10.816  -0.86E+00
 1535    38.350   -11.650   -10.752  -0.90E+00
 1536    38.375   -11.625   -10.687  -0.94E+00
 1537    38.400   -11.600   -10.621  -0.98E+00
 1538    38.425   -11.575   -10.552  -0.10E+01
 1539    38.450   -11.550   -10.482  -0.11E+01
 1540    38.475   -11.525   -10.411  -0.11E+01
 1541    38.500   -11.500   -10.337  -0.12E+01
 1542    38.525   -11.475   -10.261  -0.12E+01
 1543    38.550   -11.450   -10.184  -0.13E+01
 1544    38.575   -11.425   -10.105  -0.13E+01
 1545    38.600   -11.400   -10.023  -0.14E+01
 1546    38.625   -11.375    -9.939  -0.14E+01
 1547    38.650   -11.350    -9.853  -0.15E+01
 1548    38.675   -11.325    -9.765  -0.16E+01
 1549    38.700   -11.300    -9.675  -0.16E+01
 1550    38.725   -11.275    -9.582  -0.17E+01
 1551    38.750   -11.250    -9.487  -0.18E+01
 1552    38.775   -11.225    -9.389  -0.18E+01
 1553    38.800   -11.200    -9.289  -0.19E+01
 1554    38.825   -11.175    -9.186  -0.20E+01
 1555    38.850   -11.150    -9.080  -0.21E+01
 1556    38.875   -11.125    -8.972  -0.22E+01
 1557    38.900   -11.100    -8.861  -0.22E+01
 1558    38.925   -11.075    -8.747  -0.23E+01
 1559    38.950   -11.050    -8.630  -0.24E+01
 1560    38.975   -11.025    -8.510  -0.25E+01
 1561    39.000   -11.000    -8.386  -0.26E+01
 1562    39.025   -10.975    -8.260  -0.27E+01
 1563    39.050   -10.950    -8.131  -0.28E+01
 1564    39.075   -10.925    -7.998  -0.29E+01
 1565    39.100   -10.900    -7.862  -0.30E+01
 1566    39.125   -10.875    -7.723  -0.32E+01
 1567    39.150   -10.850    -7.580  -0.33E+01
 1568    39.175   -10.825    -7.434  -0.34E+01
 1569    39.200   -10.800    -7.285  -0.35E+01
 1570    39.225   -10.775    -7.132  -0.36E+01
 1571    39.250   -10.750    -6.975  -0.38E+01
 1572    39.275   -10.725    -6.815  -0.39E+01
 1573    39.300   -10.700    -6.651  -0.40E+01
 1574    39.325   -10.675    -6.484  -0.42E+01
 1575    39.350   -10.650    -6.312  -0.43E+01
 1576    39.375   -10.625    -6.138  -0.45E+01
 1577    39.400   -10.600    -5.959  -0.46E+01
 1578    39.425   -10.575    -5.776  -0.48E+01
 1579    39.450   -10.550    -5.590  -0.50E+01
 1580    39.475   -10.525    -5.400  -0.51E+01
 1581    39.500   -10.500    -5.206  -0.53E+01
 1582    39.525   -10.475    -5.009  -0.55E+01
 1583    39.550   -10.450    -4.807  -0.56E+01
 1584    39.575   -10.425    -4.602  -0.58E+01
 1585    39.600   -10.400    -4.393  -0.60E+01
 1586    39.625   -10.375    -4.180  -0.62E+01
 1587    39.650   -10.350    -3.964  -0.64E+01
 1588    39.675   -10.325    -3.743  -0.66E+01
 1589    39.700   -10.300    -3.519  -0.68E+01
 1590    39.725   -10.275    -3.291  -0.70E+01
 1591    39.750   -10.250    -3.060  -0.72E+01
 1592    39.775   -10.225    -2.825  -0.74E+01
 1593    39.800   -10.200    -2.586  -0.76E+01
 1594    39.825   -10.175    -2.343  -0.78E+01
 1595    39.850   -10.150    -2.097  -0.81E+01
 1596    39.875   -10.125    -1.848  -0.83E+01
 1597    39.900   -10.100    -1.595  -0.85E+01
 1598    39.925   -10.075    -1.338  -0.87E+01
 1599    39.950   -10.050    -1.079  -0.90E+01
 1600    39.975   -10.025    -0.815  -0.92E+01
 1601    40.000   -10.000    -0.549  -0.95E+01
 1602    40.025    -9.975    -0.279  -0.97E+01
 1603    40.050    -9.950    -0.007  -0.99E+01
 1604    40.075    -9.925     0.269  -0.10E+02
 1605    40.100    -9.900     0.548  -0.10E+02
 1606    40.125    -9.875     0.830  -0.11E+02
 1607    40.150    -9.850     1.114  -0.11E+02
 1608    40.175    -9.825     1.402  -0.11E+02
 1609    40.200    -9.800     1.692  -0.11E+02
 1610    40.225    -9.775     1.985  -0.12E+02
 1611    40.250    -9.750     2.281  -0.12E+02
 1612    40.275    -9.725     2.579  -0.12E+02
 1613    40.300    -9.700     2.880  -0.13E+02
 1614    40.325    -9.675     3.183  -0.13E+02
 1615    40.350    -9.650     3.488  -0.13E+02
 1616    40.375    -9.625     3.796  -0.13E+02
 1617    40.400    -9.600     4.106  -0.14E+02
 1618    40.425    -9.575     4.417  -0.14E+02
 1619    40.450    -9.550     4.731  -0.14E+02
 1620    40.475    -9.525     5.047  -0.15E+02
 1621    40.500    -9.500     5.365  -0.15E+02
 1622    40.525    -9.475     5.685  -0.15E+02
 1623    40.550    -9.450     6.007  -0.15E+02
 1624    40.575    -9.425     6.330  -0.16E+02
 1625    40.600    -9.400     6.654  -0.16E+02
 1626    40.625    -9.375     6.981  -0.16E+02
 1627    40.650    -9.350     7.309  -0.17E+02
 1628    40.675    -9.325     7.638  -0.17E+02
 1629    40.700    -9.300     7.969  -0.17E+02
 1630    40.725    -9.275     8.301  -0.18E+02
 1631    40.750    -9.250     8.634  -0.18E+02
 1632    40.775    -9.225     8.968  -0.18E+02
 1633    40.800    -9.200     9.304  -0.19E+02
 1634    40.825    -9.175     9.640  -0.19E+02
 1635    40.850    -9.150     9.978  -0.19E+02
 1636    40.875    -9.125    10.316  -0.19E+02
 1637    40.900    -9.100    10.656  -0.20E+02
 1638    40.925    -9.075    10.996  -0.20E+02
 1639    40.950    -9.050    11.337  -0.20E+02
 1640    40.975    -9.025    11.679  -0.21E+02
 1641    41.000    -8.999    12.021  -0.21E+02
 1642    41.025    -8.974    12.364  -0.21E+02
 1643    41.050    -8.949    12.708  -0.22E+02
 1644    41.075    -8.924    13.052  -0.22E+02
 1645    41.100    -8.899    13.397  -0.22E+02
 1646    41.125    -8.874    13.742  -0.23E+02
 1647    41.150    -8.849    14.087  -0.23E+02
 1648    41.175    -8.824    14.433  -0.23E+02
 1649    41.200    -8.799    14.779  -0.24E+02
 1650    41.225    -8.774    15.126  -0.24E+02
 1651    41.250    -8.749    15.472  -0.24E+02
 1652    41.275    -8.724    15.819  -0.25E+02
 1653    41.300    -8.699    16.166  -0.25E+02
 1654    41.325    -8.674    16.513  -0.25E+02
 1655    41.350    -8.649    16.861  -0.26E+02
 1656    41.375    -8.624    17.208  -0.26E+02
 1657    41.400    -8.598    17.556  -0.26E+02
 1658    41.425    -8.573    17.903  -0.26E+02
 1659    41.450    -8.548    18.250  -0.27E+02
 1660    41.475    -8.523    18.598  -0.27E+02
 1661    41.500    -8.498    18.945  -0.27E+02
 1662    41.525    -8.473    19.292  -0.28E+02
 1663    41.550    -8.448    19.639  -0.28E+02
 1664    41.575    -8.423    19.986  -0.28E+02
 1665    41.600    -8.397    20.333  -0.29E+02
 1666    41.625    -8.372    20.679  -0.29E+02
 1667    41.650    -8.347    21.025  -0.29E+02
 1668    41.675    -8.322    21.371  -0.30E+02
 1669    41.700    -8.297    21.717  -0.30E+02
 1670    41.725    -8.271    22.062  -0.30E+02
 1671    41.750    -8.246    22.407  -0.31E+02
 1672    41.775    -8.221    22.752  -0.31E+02
 1673    41.800    -8.196    23.097  -0.31E+02
 1674    41.825    -8.170    23.441  -0.32E+02
 1675    41.850    -8.145    23.784  -0.32E+02
 1676    41.875    -8.120    24.127  -0.32E+02
 1677    41.900    -8.094    24.470  -0.33E+02
 1678    41.925    -8.069    24.813  -0.33E+02
 1679    41.950    -8.044    25.154  -0.33E+02
 1680    41.975    -8.018    25.496  -0.34E+02
 1681    42.000    -7.993    25.837  -0.34E+02
 1682    42.025    -7.967    26.177  -0.34E+02
 1683    42.050    -7.942    26.517  -0.34E+02
 1684    42.075    -7.916    26.857  -0.35E+02
 1685    42.100    -7.890    27.196  -0.35E+02
 1686    42.125    -7.865    27.534  -0.35E+02
 1687    42.150    -7.839    27.872  -0.36E+02
 1688    42.175    -7.813    28.209  -0.36E+02
 1689    42.200    -7.788    28.546  -0.36E+02
 1690    42.225    -7.762    28.882  -0.37E+02
 1691    42.250    -7.736    29.217  -0.37E+02
 1692    42.275    -7.710    29.552  -0.37E+02
 1693    42.300    -7.684    29.887  -0.38E+02
 1694    42.325    -7.658    30.220  -0.38E+02
 1695    42.350    -7.632    30.553  -0.38E+02
 1696    42.375    -7.606    30.886  -0.38E+02
 1697    42.400    -7.579    31.217  -0.39E+02
 1698    42.425    -7.553    31.548  -0.39E+02
 1699    42.450    -7.526    31.879  -0.39E+02
 1700    42.475    -7.500    32.209  -0.40E+02
 1701    42.500    -7.473    32.538  -0.40E+02
 1702    42.525    -7.447    32.866  -0.40E+02
 1703    42.550    -7.420    33.194  -0.41E+02
 1704    42.575    -7.393    33.521  -0.41E+02
 1705    42.600    -7.366    33.847  -0.41E+02
 1706    42.625    -7.338    34.173  -0.42E+02
 1707    42.650    -7.311    34.498  -0.42E+02
 1708    42.675    -7.283    34.822  -0.42E+02
 1709    42.700    -7.256    35.145  -0.42E+02
 1710    42.725    -7.228    35.468  -0.43E+02
 1711    42.750    -7.200    35.790  -0.43E+02
 1712    42.775    -7.172    36.111  -0.43E+02
 1713    42.800    -7.143    36.432  -0.44E+02
 1714    42.825    -7.115    36.752  -0.44E+02
 1715    42.850    -7.086    37.071  -0.44E+02
 1716    42.875    -7.057    37.389  -0.44E+02
 1717    42.900    -7.027    37.707  -0.45E+02
 1718    42.925    -6.998    38.024  -0.45E+02
 1719    42.950    -6.968    38.340  -0.45E+02
 1720    42.975    -6.938    38.655  -0.46E+02
 1721    43.000    -6.907    38.969  -0.46E+02
 1722    43.025    -6.877    39.283  -0.46E+02
 1723    43.050    -6.845    39.596  -0.46E+02
 1724    43.075    -6.814    39.908  -0.47E+02
 1725    43.100    -6.782    40.220  -0.47E+02
 1726    43.125    -6.749    40.531  -0.47E+02
 1727    43.150    -6.717    40.840  -0.48E+02
 1728    43.175    -6.683    41.149  -0.48E+02
 1729    43.200    -6.650    41.458  -0.48E+02
 1730    43.225    -6.615    41.765  -0.48E+02
 1731    43.250    -6.581    42.072  -0.49E+02
 1732    43.275    -6.545    42.378  -0.49E+02
 1733    43.300    -6.509    42.683  -0.49E+02
 1734    43.325    -6.472    42.988  -0.49E+02
 1735    43.350    -6.435    43.291  -0.50E+02
 1736    43.375    -6.397    43.594  -0.50E+02
 1737    43.400    -6.358    43.896  -0.50E+02
 1738    43.425    -6.318    44.197  -0.51E+02
 1739    43.450    -6.278    44.497  -0.51E+02
 1740    43.475    -6.237    44.797  -0.51E+02
 1741    43.500    -6.194    45.096  -0.51E+02
 1742    43.525    -6.151    45.394  -0.52E+02
 1743    43.550    -6.107    45.691  -0.52E+02
 1744    43.575    -6.061    45.987  -0.52E+02
 1745    43.600    -6.014    46.283  -0.52E+02
 1746    43.625    -5.967    46.577  -0.53E+02
 1747    43.650    -5.917    46.871  -0.53E+02
 1748    43.675    -5.867    47.164  -0.53E+02
 1749    43.700    -5.815    47.457  -0.53E+02
 1750    43.725    -5.762    47.748  -0.54E+02
 1751    43.750    -5.707    48.039  -0.54E+02
 1752    43.775    -5.650    48.329  -0.54E+02
 1753    43.800    -5.592    48.618  -0.54E+02
 1754    43.825    -5.532    48.906  -0.54E+02
 1755    43.850    -5.470    49.193  -0.55E+02
 1756    43.875    -5.406    49.480  -0.55E+02
 1757    43.900    -5.340    49.765  -0.55E+02
 1758    43.925    -5.272    50.050  -0.55E+02
 1759    43.950    -5.201    50.334  -0.56E+02
 1760    43.975    -5.128    50.618  -0.56E+02
 1761    44.000    -5.053    50.900  -0.56E+02
 1762    44.025    -4.975    51.182  -0.56E+02
 1763    44.050    -4.894    51.463  -0.56E+02
 1764    44.075    -4.811    51.743  -0.57E+02
 1765    44.100    -4.724    52.022  -0.57E+02
 1766    44.125    -4.635    52.300  -0.57E+02
 1767    44.150    -4.542    52.578  -0.57E+02
 1768    44.175    -4.446    52.854  -0.57E+02
 1769    44.200    -4.346    53.130  -0.57E+02
 1770    44.225    -4.243    53.405  -0.58E+02
 1771    44.250    -4.136    53.680  -0.58E+02
 1772    44.275    -4.026    53.953  -0.58E+02
 1773    44.300    -3.911    54.226  -0.58E+02
 1774    44.325    -3.792    54.497  -0.58E+02
 1775    44.350    -3.669    54.768  -0.58E+02
 1776    44.375    -3.541    55.039  -0.59E+02
 1777    44.400    -3.409    55.308  -0.59E+02
 1778    44.425    -3.272    55.576  -0.59E+02
 1779    44.450    -3.130    55.844  -0.59E+02
 1780    44.475    -2.983    56.111  -0.59E+02
 1781    44.500    -2.831    56.377  -0.59E+02
 1782    44.525    -2.674    56.642  -0.59E+02
 1783    44.550    -2.511    56.906  -0.59E+02
 1784    44.575    -2.343    57.170  -0.60E+02
 1785    44.600    -2.169    57.433  -0.60E+02
 1786    44.625    -1.989    57.695  -0.60E+02
 1787    44.650    -1.804    57.956  -0.60E+02
 1788    44.675    -1.612    58.216  -0.60E+02
 1789    44.700    -1.414    58.475  -0.60E+02
 1790    44.725    -1.210    58.734  -0.60E+02
 1791    44.750    -1.000    58.992  -0.60E+02
 1792    44.775    -0.783    59.249  -0.60E+02
 1793    44.800    -0.559    59.505  -0.60E+02
 1794    44.825    -0.329    59.760  -0.60E+02
 1795    44.850    -0.093    60.015  -0.60E+02
 1796    44.875     0.150    60.268  -0.60E+02
 1797    44.900     0.400    60.521  -0.60E+02
 1798    44.925     0.657    60.773  -0.60E+02
 1799    44.950     0.920    61.025  -0.60E+02
 1800    44.975     1.190    61.275  -0.60E+02
 1801    45.000     1.466    61.525  -0.60E+02
 1802    45.025     1.750    61.773  -0.60E+02
 1803    45.050     2.039    62.021  -0.60E+02
 1804    45.075     2.336    62.268  -0.60E+02
 1805    45.100     2.639    62.515  -0.60E+02
 1806    45.125     2.948    62.760  -0.60E+02
 1807    45.150     3.264    63.005  -0.60E+02
 1808    45.175     3.586    63.249  -0.60E+02
 1809    45.200     3.914    63.492  -0.60E+02
 1810    45.225     4.248    63.734  -0.59E+02
 1811    45.250     4.588    63.976  -0.59E+02
 1812    45.275     4.933    64.216  -0.59E+02
 1813    45.300     5.285    64.456  -0.59E+02
 1814    45.325     5.641    64.695  -0.59E+02
 1815    45.350     6.003    64.933  -0.59E+02
 1816    45.375     6.370    65.171  -0.59E+02
 1817    45.400     6.742    65.407  -0.59E+02
 1818    45.425     7.118    65.643  -0.59E+02
 1819    45.450     7.499    65.878  -0.58E+02
 1820    45.475     7.885    66.112  -0.58E+02
 1821    45.500     8.274    66.345  -0.58E+02
 1822    45.525     8.668    66.578  -0.58E+02
 1823    45.550     9.065    66.809  -0.58E+02
 1824    45.575     9.466    67.040  -0.58E+02
 1825    45.600     9.870    67.270  -0.57E+02
 1826    45.625    10.277    67.500  -0.57E+02
 1827    45.650    10.687    67.728  -0.57E+02
 1828    45.675    11.100    67.956  -0.57E+02
 1829    45.700    11.516    68.182  -0.57E+02
 1830    45.725    11.934    68.409  -0.56E+02
 1831    45.750    12.354    68.634  -0.56E+02
 1832    45.775    12.776    68.858  -0.56E+02
 1833    45.800    13.200    69.082  -0.56E+02
 1834    45.825    13.625    69.305  -0.56E+02
 1835    45.850    14.052    69.527  -0.55E+02
 1836    45.875    14.480    69.748  -0.55E+02
 1837    45.900    14.910    69.968  -0.55E+02
 1838    45.925    15.340    70.188  -0.55E+02
 1839    45.950    15.771    70.407  -0.55E+02
 1840    45.975    16.203    70.625  -0.54E+02
 1841    46.000    16.635    70.842  -0.54E+02
 1842    46.025    17.068    71.058  -0.54E+02
 1843    46.050    17.501    71.274  -0.54E+02
 1844    46.075    17.934    71.489  -0.54E+02
 1845    46.100    18.367    71.703  -0.53E+02
 1846    46.125    18.800    71.916  -0.53E+02
 1847    46.150    19.233    72.129  -0.53E+02
 1848    46.175    19.665    72.340  -0.53E+02
 1849    46.200    20.097    72.551  -0.52E+02
 1850    46.225    20.528    72.761  -0.52E+02
 1851    46.250    20.959    72.971  -0.52E+02
 1852    46.275    21.389    73.179  -0.52E+02
 1853    46.300    21.818    73.387  -0.52E+02
 1854    46.325    22.246    73.594  -0.51E+02
 1855    46.350    22.673    73.800  -0.51E+02
 1856    46.375    23.099    74.005  -0.51E+02
 1857    46.400    23.524    74.210  -0.51E+02
 1858    46.425    23.948    74.414  -0.50E+02
 1859    46.450    24.370    74.617  -0.50E+02
 1860    46.475    24.791    74.819  -0.50E+02
 1861    46.500    25.211    75.020  -0.50E+02
 1862    46.525    25.629    75.221  -0.50E+02
 1863    46.550    26.046    75.421  -0.49E+02
 1864    46.575    26.461    75.620  -0.49E+02
 1865    46.600    26.874    75.818  -0.49E+02
 1866    46.625    27.286    76.016  -0.49E+02
 1867    46.650    27.696    76.212  -0.49E+02
 1868    46.675    28.104    76.408  -0.48E+02
 1869    46.700    28.511    76.603  -0.48E+02
 1870    46.725    28.915    76.798  -0.48E+02
 1871    46.750    29.318    76.991  -0.48E+02
 1872    46.775    29.719    77.184  -0.47E+02
 1873    46.800    30.118    77.376  -0.47E+02
 1874    46.825    30.515    77.568  -0.47E+02
 1875    46.850    30.910    77.758  -0.47E+02
 1876    46.875    31.303    77.948  -0.47E+02
 1877    46.900    31.694    78.137  -0.46E+02
 1878    46.925    32.083    78.325  -0.46E+02
 1879    46.950    32.470    78.513  -0.46E+02
 1880    46.975    32.855    78.699  -0.46E+02
 1881    47.000    33.237    78.885  -0.46E+02
 1882    47.025    33.618    79.071  -0.45E+02
 1883    47.050    33.996    79.255  -0.45E+02
 1884    47.075    34.372    79.439  -0.45E+02
 1885    47.100    34.746    79.621  -0.45E+02
 1886    47.125    35.118    79.804  -0.45E+02
 1887    47.150    35.487    79.985  -0.44E+02
 1888    47.175    35.854    80.166  -0.44E+02
 1889    47.200    36.219    80.345  -0.44E+02
 1890    47.225    36.582    80.525  -0.44E+02
 1891    47.250    36.943    80.703  -0.44E+02
 1892    47.275    37.301    80.880  -0.44E+02
 1893    47.300    37.657    81.057  -0.43E+02
 1894    47.325    38.011    81.233  -0.43E+02
 1895    47.350    38.362    81.409  -0.43E+02
 1896    47.375    38.711    81.583  -0.43E+02
 1897    47.400    39.058    81.757  -0.43E+02
 1898    47.425    39.402    81.930  -0.43E+02
 1899    47.450    39.744    82.102  -0.42E+02
 1900    47.475    40.084    82.274  -0.42E+02
 1901    47.500    40.422    82.445  -0.42E+02
 1902    47.525    40.757    82.615  -0.42E+02
 1903    47.550    41.090    82.784  -0.42E+02
 1904    47.575    41.420    82.953  -0.42E+02
 1905    47.600    41.748    83.121  -0.41E+02
 1906    47.625    42.074    83.288  -0.41E+02
 1907    47.650    42.398    83.454  -0.41E+02
 1908    47.675    42.719    83.620  -0.41E+02
 1909    47.700    43.037    83.785  -0.41E+02
 1910    47.725    43.354    83.949  -0.41E+02
 1911    47.750    43.668    84.112  -0.40E+02
 1912    47.775    43.979    84.275  -0.40E+02
 1913    47.800    44.289    84.437  -0.40E+02
 1914    47.825    44.596    84.598  -0.40E+02
 1915    47.850    44.900    84.759  -0.40E+02
 1916    47.875    45.203    84.918  -0.40E+02
 1917    47.900    45.503    85.078  -0.40E+02
 1918    47.925    45.800    85.236  -0.39E+02
 1919    47.950    46.096    85.393  -0.39E+02
 1920    47.975    46.389    85.550  -0.39E+02
 1921    48.000    46.679    85.706  -0.39E+02
 1922    48.025    46.967    85.862  -0.39E+02
 1923    48.050    47.253    86.017  -0.39E+02
 1924    48.075    47.537    86.171  -0.39E+02
 1925    48.100    47.818    86.324  -0.39E+02
 1926    48.125    48.097    86.476  -0.38E+02
 1927    48.150    48.374    86.628  -0.38E+02
 1928    48.175    48.652    86.779  -0.38E+02
 1929    48.200    48.934    86.930  -0.38E+02
 1930    48.225    49.221    87.080  -0.38E+02
 1931    48.250    49.512    87.229  -0.38E+02
 1932    48.275    49.809    87.377  -0.38E+02
 1933    48.300    50.112    87.524  -0.37E+02
 1934    48.325    50.419    87.671  -0.37E+02
 1935    48.350    50.733    87.818  -0.37E+02
 1936    48.375    51.052    87.963  -0.37E+02
 1937    48.400    51.378    88.108  -0.37E+02
 1938    48.425    51.710    88.252  -0.37E+02
 1939    48.450    52.048    88.395  -0.36E+02
 1940    48.475    52.393    88.538  -0.36E+02
 1941    48.500    52.745    88.680  -0.36E+02
 1942    48.525    53.104    88.821  -0.36E+02
 1943    48.550    53.471    88.962  -0.35E+02
 1944    48.575    53.845    89.102  -0.35E+02
 1945    48.600    54.228    89.241  -0.35E+02
 1946    48.625    54.619    89.379  -0.35E+02
 1947    48.650    55.018    89.517  -0.34E+02
 1948    48.675    55.426    89.654  -0.34E+02
 1949    48.700    55.844    89.791  -0.34E+02
 1950    48.725    56.272    89.927  -0.34E+02
 1951    48.750    56.710    90.062  -0.33E+02
 1952    48.775    57.159    90.196  -0.33E+02
 1953    48.800    57.618    90.330  -0.33E+02
 1954    48.825    58.090    90.463  -0.32E+02
 1955    48.850    58.574    90.595  -0.32E+02
 1956    48.875    59.070    90.727  -0.32E+02
 1957    48.900    59.580    90.858  -0.31E+02
 1958    48.925    60.105    90.989  -0.31E+02
 1959    48.950    60.644    91.118  -0.30E+02
 1960    48.975    61.199    91.247  -0.30E+02
 1961    49.000    61.770    91.376  -0.30E+02
 1962    49.025    62.359    91.503  -0.29E+02
 1963    49.050    62.967    91.630  -0.29E+02
 1964    49.075    63.594    91.757  -0.28E+02
 1965    49.100    64.243    91.883  -0.28E+02
 1966    49.125    64.913    92.008  -0.27E+02
 1967    49.150    65.608    92.132  -0.27E+02
 1968    49.175    66.328    92.256  -0.26E+02
 1969    49.200    67.076    92.379  -0.25E+02
 1970    49.225    67.853    92.501  -0.25E+02
 1971    49.250    68.661    92.623  -0.24E+02
 1972    49.275    69.505    92.744  -0.23E+02
 1973    49.300    70.385    92.865  -0.22E+02
 1974    49.325    71.306    92.985  -0.22E+02
 1975    49.350    72.271    93.104  -0.21E+02
 1976    49.375    73.285    93.223  -0.20E+02
 1977    49.400    74.352    93.341  -0.19E+02
 1978    49.425    75.479    93.458  -0.18E+02
 1979    49.450    76.672    93.575  -0.17E+02
 1980    49.475    77.940    93.691  -0.16E+02
 1981    49.500    79.291    93.806  -0.15E+02
 1982    49.525    80.737    93.921  -0.13E+02
 1983    49.550    82.292    94.035  -0.12E+02
 1984    49.575    83.974    94.149  -0.10E+02
 1985    49.600    85.804    94.261  -0.85E+01
 1986    49.625    87.810    94.374  -0.66E+01
 1987    49.650    90.028    94.485  -0.45E+01
 1988    49.675    92.506    94.596  -0.21E+01
 1989    49.700    95.311    94.707   0.60E+00
 1990    49.725    98.537    94.817   0.37E+01
 1991    49.750   102.324    94.926   0.74E+01
 1992    49.775   106.892    95.035   0.12E+02
 1993    49.800   112.608    95.143   0.17E+02
 1994    49.825   120.133    95.250   0.25E+02
 1995    49.850   130.751    95.357   0.35E+02
 1996    49.875   146.733    95.463   0.51E+02
 1997    49.900   167.802    95.568   0.72E+02
 1998    49.925   192.397    95.673   0.97E+02
 1999    49.950   220.638    95.778   0.12E+03
 2000    49.975   253.022    95.882   0.16E+03
 2001    50.000   255.547     0.000   0.26E+03
=======
    2     2.500     4.193   -47.500   0.52E+02
    3     5.000     9.039   -45.000   0.54E+02
    4     7.500    13.892   -42.500   0.56E+02
    5    10.000    18.758   -40.000   0.59E+02
    6    12.500    23.642   -37.500   0.61E+02
    7    15.000    28.553   -35.000   0.64E+02
    8    17.500    33.502   -32.500   0.66E+02
    9    20.000    38.508   -30.000   0.69E+02
   10    22.500    43.591   -27.500   0.71E+02
   11    25.000    48.784   -25.000   0.74E+02
   12    27.500    54.131   -22.500   0.77E+02
   13    30.000    59.697   -20.000   0.80E+02
   14    32.500    65.574   -17.500   0.83E+02
   15    35.000    71.907   -14.999   0.87E+02
   16    37.500    78.934   -12.313   0.91E+02
   17    40.000    87.085    -0.549   0.88E+02
   18    42.500    97.255    32.538   0.65E+02
   19    45.000   111.840    61.525   0.50E+02
   20    47.500   141.347    82.445   0.59E+02
   21    50.000   393.847     0.000   0.39E+03
>>>>>>> 93761578f45b1899160c3ac81a7f838e1c12e03a
