    1     0.000   -50.000   -50.000   0.00E+00
    2     2.500     2.160   -47.500   0.50E+02
    3     5.000     6.380   -45.000   0.51E+02
    4     7.500    10.615   -42.500   0.53E+02
    5    10.000    14.875   -40.000   0.55E+02
    6    12.500    19.167   -37.500   0.57E+02
    7    15.000    23.504   -35.000   0.59E+02
    8    17.500    27.902   -32.500   0.60E+02
    9    20.000    32.382   -30.000   0.62E+02
   10    22.500    36.970   -27.500   0.64E+02
   11    25.000    41.701   -25.000   0.67E+02
   12    27.500    46.625   -22.500   0.69E+02
   13    30.000    51.809   -20.000   0.72E+02
   14    32.500    57.350   -17.500   0.75E+02
   15    35.000    63.395   -15.000   0.78E+02
   16    37.500    70.185   -12.500   0.83E+02
   17    40.000    78.148   -10.000   0.88E+02
   18    42.500    88.184    -7.500   0.96E+02
   19    45.000   102.685    -5.000   0.11E+03
   20    47.500   132.155    -2.500   0.13E+03
   21    50.000   384.655     0.000   0.38E+03
