   1. -50.000000000000000, .0000000000000000
   2. -45.000000000000000, 5.0000000000000000
   3. -40.000000000000000, 10.000000000000000
   4. -35.000000000000000, 15.000000000000000
   5. -30.000000000000000, 20.000000000000000
   6. -25.000000000000000, 25.000000000000000
   7. -20.000000000000000, 30.000000000000000
   8. -15.000000000000000, 35.000000000000000
   9. -10.000000000000000, 40.000000000000000
  10. -5.0000000000000000, 45.000000000000000
  11. .0000000000000000, 50.000000000000000
