
input system tri_diag = 
   1. .0000000000000000  -.67379469990854670E-002  -.67379469990854670E-002  -.67379469990854670E-002  -.67379469990854670E-002  -.67379469990854670E-002  -.67379469990854670E-002  -.67379469990854670E-002  -.67379469990854670E-002  -.67379469990854670E-002  -.67379469990854670E-002
   2. .0000000000000000  5.0669361433122715  5.0669271832763680  5.0669271832605238  5.0669271832605238  5.0669271832605238  5.0669271832605238  5.0669271832605238  5.0669271832605238  5.0669271832605238  .67289869473380346E-002
   3. .0000000000000000  -.67379469990854670E-002  -.67379469990854670E-002  -.67379469990854670E-002  -.67379469990854670E-002  -.67379469990854670E-002  -.67379469990854670E-002  -.67379469990854670E-002  -.67379469990854670E-002  -.67379469990854670E-002  .0000000000000000

solution vector b  = 
   1. .0000000000000000
   2. .96619747228678611E-021
   3. .72658049915966316E-018
   4. .54638756917059444E-015
   5. .41088272543578784E-012
   6. .30898326314014330E-009
   7. .23235500299866230E-006
   8. .17473065327173090E-003
   9. .13139721890533865
  10. 98.810533886161409
  11. 74305.390085174469
