
System matrix A has 81 rows and 3 columns.
     1.000       0.000      -9.178
     1.000       0.000      -8.127
     1.000       0.000      -7.086
     1.000       0.000      -6.087
     1.000       0.000      -4.956
     1.000       0.000      -4.067
     1.000       0.000      -2.996
     1.000       0.000      -1.981
     1.000       0.000      -0.957
     1.000       0.000       0.088
     1.000       1.000      -9.943
     1.000       1.000      -8.925
     1.000       1.000      -7.865
     1.000       1.000      -6.869
     1.000       1.000      -5.813
     1.000       1.000      -4.824
     1.000       1.000      -3.797
     1.000       1.000      -2.782
     1.000       1.000      -1.759
     1.000       1.000      -0.698
     1.000       1.000       0.354
     1.000       1.000       1.386
     1.000       2.000     -10.781
     1.000       2.000      -9.767
     1.000       2.000      -8.703
     1.000       2.000      -7.704
     1.000       2.000      -6.658
     1.000       2.000      -5.642
     1.000       2.000      -4.638
     1.000       2.000      -3.619
     1.000       2.000      -2.557
     1.000       2.000      -1.515
     1.000       2.000      -0.528
     1.000       2.000       0.513
     1.000       2.000       1.498
     1.000       3.000     -10.634
     1.000       3.000      -9.576
     1.000       3.000      -8.514
     1.000       3.000      -7.521
     1.000       3.000      -6.485
     1.000       3.000      -5.459
     1.000       3.000      -4.412
     1.000       3.000      -3.404
     1.000       3.000      -2.381
     1.000       3.000      -1.353
     1.000       3.000      -0.314
     1.000       3.000       0.719
     1.000       4.000     -11.474
     1.000       4.000     -10.454
     1.000       4.000      -9.324
     1.000       4.000      -8.338
     1.000       4.000      -7.328
     1.000       4.000      -6.280
     1.000       4.000      -5.226
     1.000       4.000      -4.216
     1.000       4.000      -3.204
     1.000       4.000      -2.168
     1.000       4.000      -1.123
     1.000       4.000      -0.109
     1.000       4.000       1.009
     1.000       4.000       2.000
     1.000       5.000     -12.346
     1.000       5.000     -11.306
     1.000       5.000     -10.142
     1.000       5.000      -9.141
     1.000       5.000      -8.162
     1.000       5.000      -7.103
     1.000       5.000      -6.098
     1.000       5.000      -5.073
     1.000       5.000      -4.033
     1.000       5.000      -3.010
     1.000       5.000      -1.945
     1.000       5.000      -0.911
     1.000       6.000      -9.006
     1.000       6.000      -7.971
     1.000       6.000      -6.944
     1.000       6.000      -5.852
     1.000       6.000      -4.845
     1.000       6.000      -3.840
     1.000       6.000      -2.760
     1.000       6.000      -1.714
