
Array of 81 elements read in from data/primus/members output.txt.

Points:
    1    519   520   522   555   556   589   590   591   624   625
    2    551   552   553   554   587   588   621   622   623   656   657   658
    3    582   583   584   585   586   619   620   653   654   655   688   689   690
    4    614   615   616   617   618   651   652   685   686   687   720   721
    5    613   646   648   649   650   683   684   717   718   719   752   753   754   787
    6    644   645   647   680   681   682   715   716   749   750   751   784
    7    712   713   714   747   748   781   782   783
Total number of points = 81

