 -2.597531
 -2.613017
 -2.557543
 -2.791000
 -2.761945
 -2.671866
 -2.836542
 -3.051733
 -2.907396
 -2.881636
 -2.878036
 -2.898987
 -2.699748
 -3.116561
 -2.978967
 -3.077604
 -2.993570
 -2.797821
 -2.798495
 -2.889760
 -3.004284
 -2.949212
 -2.903604
 -2.888070
 -2.934123
 -2.792849
 -2.889756
 -2.880249
 -2.949714
 -2.820556
 -2.684422
 -2.828870
 -1.913327
 -2.749320
 -2.933017
 -2.655526
 -2.504470
 -2.744317
 -2.922690
 -2.889426
 -2.807494
 -3.014018
 -2.728781
 -2.789772
 -2.228285
 -2.292439
 -2.893091
 -2.885007
 -3.039875
 -2.914885
 -2.267557
 -2.715356
 -3.001676
 -2.986865
 -2.875951
 -2.941997
 -3.001626
 -2.917346
 -2.730615
 -2.536345
 -2.474988
 -2.168066
 -1.846798
 -2.921799
 -1.146190
 -2.816234
 -2.992922
 -2.363698
 -2.198010
 -2.657258
 -2.705845
 -2.690712
 -2.595013
 -2.931424
 -2.993397
 -2.668959
 -2.430016
 -2.527617
 -2.830164
 -2.836494
 -2.815774
 -2.587576
 -2.813866
 -2.951296
 -2.889628
 -2.881420
 -2.918224
 -2.985829
 -2.868179
 -2.823759
 -2.609584
 -2.549794
 -2.395531
 -1.921640
 -2.829374
 -2.839575
 -2.194332
 -2.961393
 -2.635067
 -2.993887
 -2.994188
 -2.695149
 -3.052606
 -2.985819
 -3.037278
 -2.908538
 -2.728976
 -2.293480
 -2.176146
 -3.048717
 -2.882318
 -2.592853
 -2.980967
 -2.643976
 -2.531473
 -2.509817
 -2.683743
 -2.810430
 -2.877088
 -2.967184
 -2.926675
 -2.827342
 -2.214698
 -2.392450
 -3.013883
 -1.588633
 -3.061137
 -2.943995
 -2.818621
 -3.030652
 -3.008707
 -2.987340
 -2.770982
 -2.306505
 -2.576680
 -2.792389
 -2.774030
 -2.984406
 -2.793551
 -2.364202
 -2.695555
 -2.847755
 -2.835464
 -1.957735
 -2.686274
 -2.784629
 -2.395416
 -2.412072
 -2.890159
 -3.022830
 -3.113212
 -2.951186
 -3.062197
 -2.204505
 -2.038931
 -2.917576
 -2.821788
 -2.641189
 -3.053819
 -3.104160
 -3.111972
 -3.095688
 -3.053635
 -2.956885
 -2.955216
 -2.620601
 -3.012024
 -2.126670
 -2.854517
 -2.995172
 -2.797318
 -2.126543
 -2.342147
 -2.674152
 -2.832313
 -2.213268
 -2.556635
 -3.013592
 -2.821755
 -2.240140
 -2.986426
 -3.015357
 -3.106738
 -2.779187
 -2.332604
 -2.506202
 -2.619962
 -2.381911
 -2.934855
 -2.948582
 -2.960344
 -3.096649
 -3.129384
 -3.009238
 -2.982842
 -3.053297
 -2.951304
 -2.584186
 -2.557871
 -2.266927
 -2.865157
 -3.079169
 -2.993844
 -2.260820
 -2.522440
 -3.069374
 -2.779057
 -2.887001
 -3.000439
 -2.891780
 -2.870935
 -2.758694
 -3.067926
 -3.075803
 -2.849356
 -2.225721
 -2.521567
 -2.941940
 -2.549435
 -3.025409
 -3.051381
 -2.933052
 -3.090566
 -3.086567
 -3.097653
 -2.964288
 -3.017693
 -3.108131
 -3.061527
 -1.561048
 -2.940478
 -2.781426
 -3.036463
 -3.076855
 -2.569062
 -2.193015
 -2.863127
 -2.263620
 -2.666633
 -2.904175
 -2.866836
 -3.053563
 -3.023376
 -2.800983
 -2.913683
 -3.057142
 -2.942957
 -2.112951
 -2.973092
 -2.470098
 -2.668112
 -2.936875
 -2.942835
 -3.013156
 -3.049723
 -3.054657
 -3.023097
 -2.928583
 -2.859269
 -3.018991
 -2.871593
 -2.524046
 -1.884556
 -2.580699
 -2.800940
 -2.885954
 -2.875676
 -2.477043
 -2.911034
 -1.938122
 -3.053594
 -2.780810
 -2.875494
 -3.080988
 -3.045449
 -2.939052
 -2.812739
 -2.830940
 -2.599283
 -3.030953
 -3.074649
 -2.890357
 -2.680687
 -2.875236
 -3.032751
 -2.982509
 -3.060069
 -3.003591
 -2.905716
 -2.741467
 -3.025718
 -3.005308
 -2.944500
 -2.637875
 -3.049832
 -2.969175
 -2.729657
 -3.088542
 -2.971982
 -2.831037
 -3.076698
 -2.156973
 -3.061684
 -2.943453
 -3.115246
 -3.055840
 -3.035883
 -2.970231
 -2.941669
 -3.002448
 -3.000395
 -3.026024
 -2.853223
 -3.047618
 -3.006845
 -2.760434
 -2.737585
 -3.058709
 -3.069419
 -2.940980
 -2.877899
 -2.741813
 -2.695122
 -2.991229
 -3.137886
 -2.769627
 -2.919611
 -3.047942
 -2.945870
 -3.051655
 -2.927499
 -3.003014
 -2.738713
 -2.093723
 -2.294921
 -2.989078
 -2.892388
 -3.019435
 -2.975361
 -2.981640
 -3.018654
 -3.020642
 -3.037496
 -3.131750
 -2.989163
 -2.718048
 -1.728086
 -1.827534
 -2.853227
 -3.045259
 -2.973817
 -2.710219
 -2.310393
 -2.730754
 -2.568001
 -2.735974
 -3.035220
 -2.895830
 -2.877087
 -3.013771
 -2.942036
 -3.066523
 -2.936773
 -3.011471
 -3.044973
 -2.432777
 -2.856098
 -2.913221
 -2.808158
 -2.976635
 -2.958466
 -3.034789
 -2.955480
 -3.017774
 -3.073536
 -3.031462
 -2.833981
 -2.463854
 -3.022098
 -2.814431
 -3.045315
 -2.896382
 -2.721605
 -2.198573
 -2.207338
 -2.284970
 -2.107107
 -1.619578
 -2.775672
 -2.941584
 -3.028074
 -2.989799
 -2.944424
 -3.089053
 -3.100487
 -3.036799
 -3.041212
 -2.246592
 -2.779315
 -2.856890
 -2.675367
 -2.899544
 -3.121116
 -2.957004
 -2.970870
 -3.045056
 -3.109557
 -3.008189
 -2.777384
 -2.990647
 -2.778761
 -3.033311
 -2.359276
 -2.409846
 -2.620760
 -2.017111
 -2.318726
 -2.836694
 -2.572232
 -1.814525
 -2.749363
 -3.083006
 -3.084630
 -2.930397
 -2.943758
 -3.044084
 -2.910330
 -3.141327
 -3.026295
 -2.686965
 -2.423051
 -1.964206
 -2.844580
 -2.994581
 -2.828741
 -2.068893
 -2.576734
 -2.791660
 -3.017624
 -2.808255
 -2.986705
 -2.821539
 -2.730950
 -2.087400
 -2.570967
 -2.717855
 -2.756264
 -2.782461
 -2.419349
 -2.900329
 -2.556346
 -2.585445
 -2.662460
 -2.970336
 -2.952113
 -2.937771
 -3.052496
 -2.911205
 -2.923103
 -3.013978
 -3.079006
 -2.697679
 -2.086083
 -2.978216
 -2.301823
 -2.258333
 -2.242843
 -2.551944
 -3.048087
 -2.228095
 -2.911709
 -2.820566
 -2.992129
 -2.611282
 -1.902576
 -2.908774
 -2.968463
 -3.023393
 -2.840284
 -2.533635
 -3.026536
 -2.118873
 -2.738941
 -2.905047
 -2.855349
 -2.990155
 -2.286223
 -2.857206
 -2.951621
 -2.502865
 -2.937713
 -2.992626
 -2.922052
 -2.912285
 -2.857565
 -2.936842
 -2.591447
 -2.537341
 -2.879774
 -2.866465
 -2.714817
 -2.070702
 -2.572187
 -2.218963
 -2.791311
 -2.009457
 -2.946379
 -2.307120
 -2.996916
 -2.931746
 -2.893119
 -2.877202
 -2.472216
 -2.957408
 -3.025527
 -3.062203
 -2.615399
 -3.056784
 -2.248345
 -2.762403
 -2.312593
 -2.425285
 -2.243418
 -2.818680
 -2.855181
 -2.831214
 -2.503362
 -2.322809
 -2.761107
 -2.903019
 -2.951525
 -2.878268
 -2.954322
 -2.856033
 -2.443050
 -2.877435
 -2.876979
 -2.060021
 -3.123224
 -2.896403
 -2.964378
 -2.846849
 -2.667938
 -2.459343
 -2.657941
 -3.101797
 -3.114978
 -2.873471
 -2.793653
 -2.368969
 -2.486205
 -2.962329
 -2.732228
 -2.844659
 -2.188367
 -3.016166
 -2.379126
 -2.393609
 -2.336032
 -2.227151
 -3.097152
 -2.249554
 -2.865155
 -3.023515
 -2.831628
 -2.759248
 -2.925953
 -3.075719
 -2.960624
 -2.866670
 -2.934233
 -2.684218
 -2.806285
 -3.057212
 -2.543857
 -2.254399
 -2.617301
 -2.804749
 -2.690510
 -2.514547
 -1.980209
 -2.248532
 -2.871858
 -2.863412
 -2.906048
 -3.001615
 -2.877323
 -2.690232
 -2.301700
 -2.795720
 -3.064971
 -2.711953
 -1.963939
 -2.010520
 -2.826247
 -3.024985
 -3.117150
 -2.678924
 -2.966759
 -3.007742
 -3.100771
 -2.971925
 -2.991644
 -2.884191
 -2.071412
 -2.980819
 -2.971576
 -2.344048
 -2.241679
 -2.473731
 -2.341052
 -2.498482
 -2.909220
 -2.759837
 -2.985068
 -2.896083
 -3.061666
 -3.100926
 -3.037571
 -2.851548
 -2.997738
 -3.052377
 -2.930857
 -2.987535
 -2.993309
 -2.696563
 -2.101084
 -3.031968
 -3.138169
 -3.075743
 -3.046511
 -3.006956
 -3.037262
 -2.994264
 -2.939123
 -2.678591
 -1.518214
 -2.591512
 -2.390640
 -2.339588
 -2.590213
 -2.824814
 -2.803044
 -2.984413
 -2.756481
 -2.970924
 -2.744934
 -2.823458
 -2.938564
 -3.132554
 -3.057731
 -2.820176
 -3.014311
 -3.088831
 -2.846517
 -2.786395
 -3.021995
 -2.850078
 -2.422370
 -3.056475
 -3.082250
 -2.855129
 -3.017667
 -3.042182
 -2.979577
 -2.819646
 -2.819901
 -3.008914
 -2.183940
 -2.893746
 -2.272774
 -2.772478
 -2.831871
 -3.001794
 -3.012294
 -2.793213
 -1.485209
 -2.074482
 -2.855680
 -2.997581
 -3.024211
 -3.078803
 -3.061267
 -3.002332
 -3.013656
 -2.930759
 -3.017246
 -2.820438
 -2.859818
 -2.052327
 -2.187671
 -2.731896
 -2.995597
 -2.768909
 -2.726583
 -3.014422
 -3.048802
 -2.808177
 -3.033366
 -3.098173
 -2.820614
 -2.810198
 -2.387943
 -2.513123
 -3.025137
 -2.968680
 -2.838539
 -2.206756
 -2.669371
 -2.893423
 -3.110525
 -3.007888
 -3.067814
 -2.833985
 -3.008027
 -2.913699
 -2.984463
 -3.016347
 -2.966041
 -2.985509
 -2.916715
 -3.092065
 -2.162278
 -2.837471
 -3.028260
 -2.860168
 -2.935057
 -2.709290
 -3.095676
 -2.764301
 -2.995608
 -2.884870
 -2.891893
 -3.043781
 -2.634641
 -3.082037
 -3.067598
 -3.056553
 -2.906684
 -3.071601
 -2.897290
 -2.998849
 -2.872992
 -3.160983
 -2.833571
 -2.028359
 -2.611542
 -3.005109
 -3.115463
 -2.886825
 -3.029158
 -2.902291
 -2.851952
 -3.003040
 -2.062360
 -2.833504
 -2.658205
 -2.620584
 -2.852610
 -2.917287
 -2.292238
 -2.081807
 -2.456737
 -2.968207
 -2.960616
 -2.696398
 -3.037245
 -3.082398
 -3.110762
 -3.091848
 -2.987448
 -3.032583
 -2.879278
 -2.542555
 -2.290832
 -2.809810
 -1.829774
 -2.969251
 -3.076199
 -2.917091
 -3.012490
 -2.914754
 -2.894213
 -2.993944
 -3.036009
 -2.843272
 -2.096174
 -2.826259
 -2.295100
 -2.412288
 -2.953690
 -2.911355
 -2.769680
 -3.010894
 -2.078254
 -3.064223
 -3.089558
 -2.876393
 -2.840364
 -2.890872
 -3.010390
 -2.919516
 -3.012034
 -3.020140
 -2.983012
 -2.882072
 -2.561034
 -2.284107
 -2.041231
 -2.903139
 -3.099971
 -3.101923
 -2.823110
 -2.894413
 -2.821087
 -2.987664
 -2.829319
 -2.905649
 -2.582446
 -2.576161
 -1.914239
 -2.917629
 -3.068456
 -2.881115
 -2.284359
 -2.759884
 -2.613742
 -3.005732
 -3.132766
 -3.085333
 -2.895861
 -2.944328
 -2.988276
 -2.878999
 -3.015267
 -2.973844
 -2.576173
 -2.456201
 -2.673036
 -2.512817
 -2.940511
 -3.094451
 -2.984840
 -2.919264
 -2.169178
 -2.847224
 -2.680287
 -2.600355
 -2.460373
 -2.639778
 -2.680662
 -2.443331
 -1.777286
 -2.772317
 -2.896435
 -2.835604
 -2.076736
 -2.987527
 -2.610452
 -2.866624
 -3.016852
 -2.977285
 -3.095576
 -3.177457
 -3.041072
 -3.037039
 -2.830668
 -2.943153
 -2.691488
 -2.414545
 -2.842851
 -3.111187
 -3.117283
 -3.004303
 -2.997956
 -2.742265
 -2.588438
 -2.333960
 -2.761760
 -2.648617
 -1.909970
 -2.892669
 -2.865448
 -2.882116
 -2.639176
 -2.824860
 -2.970186
 -2.827104
 -2.729387
 -2.540912
 -2.364159
 -2.782180
 -2.812349
 -2.913050
 -2.974806
 -2.948071
 -3.077586
 -2.961281
 -2.037532
 -2.838601
 -2.334067
 -2.884533
 -3.088568
 -3.068715
 -3.071196
 -2.880964
 -2.616936
 -2.648376
 -2.193957
 -2.638236
 -3.043319
 -2.756056
 -2.249755
 -2.593504
 -3.045042
 -2.487701
 -2.669374
 -2.959673
 -2.910600
 -2.799484
 -2.939370
 -3.087353
 -2.648407
 -3.059249
 -2.987748
 -2.608275
 -2.821982
 -2.419015
 -2.858710
 -2.850649
 -2.132874
 -2.123149
 -2.618690
 -2.814844
 -2.812791
 -2.930576
 -2.918370
 -2.982579
 -3.007542
 -2.853958
 -2.590880
 -2.952627
 -2.963740
 -2.843001
 -3.022398
 -2.954747
 -2.300325
 -2.192551
 -2.812864
 -3.044586
 -3.037782
 -2.844164
 -2.879717
 -2.643688
 -2.724726
 -2.118380
 -2.350204
 -2.842846
 -2.696382
 -1.437380
 -2.784638
 -2.081965
 -2.163566
 -2.736163
 -2.643322
 -2.664468
 -2.791872
 -2.904692
 -3.006853
 -2.929189
 -3.070005
 -2.996638
 -2.237879
 -2.392517
 -3.029809
 -2.967846
 -2.966596
 -3.101275
 -2.604378
 -2.172762
 -2.686385
 -2.959706
 -2.868125
 -2.866167
 -2.981236
 -2.960146
 -2.751113
 -2.560713
 -2.668907
 -3.010604
 -2.804931
 -1.992682
 -2.837873
 -2.490313
 -2.849284
 -2.914298
 -2.687505
 -2.603070
 -2.669097
 -2.897758
 -3.012128
 -2.974530
 -3.059217
 -3.047074
 -3.071224
 -2.704915
 -2.657625
 -3.106157
 -2.782501
 -2.974130
 -3.072677
 -2.822054
 -2.814908
 -2.838619
 -2.733690
 -2.799429
 -2.915259
 -2.750953
 -2.795497
 -2.924098
 -2.793375
 -2.780323
 -2.687929
 -2.599001